1,1,1,1,1,1,1,1
1,0.996415770609319,1,0.996415770609319,1,0.996415770609319,1,0.996415770609319
1,0.992831541218638,1,0.992831541218638,1,0.992831541218638,1,0.996415770609319
1,0.989247311827957,1,0.989247311827957,1,0.992831541218638,1,0.989247311827957
1,0.989247311827957,1,0.985663082437276,1,0.985663082437276,1,0.985663082437276
1,0.982078853046595,1,0.985663082437276,1,0.982078853046595,1,0.982078853046595
1,0.978494623655914,1,0.978494623655914,1,0.978494623655914,1,0.978494623655914
1,0.974910394265233,1,0.974910394265233,1,0.974910394265233,1,0.974910394265233
1,0.971326164874551,1,0.971326164874551,1,0.971326164874551,1,0.971326164874551
1,0.967741935483871,1,0.967741935483871,1,0.967741935483871,1,0.967741935483871
1,0.96415770609319,1,0.96415770609319,1,0.96415770609319,1,0.96415770609319
1,0.960573476702508,1,0.960573476702508,1,0.960573476702508,1,0.960573476702508
1,0.956989247311828,1,0.956989247311828,1,0.956989247311828,1,0.956989247311828
1,0.953405017921147,1,0.953405017921147,1,0.953405017921147,1,0.953405017921147
1,0.949820788530465,1,0.949820788530465,1,0.949820788530465,1,0.949820788530465
1,0.946236559139785,1,0.946236559139785,1,0.946236559139785,1,0.946236559139785
1,0.942652329749104,1,0.942652329749104,1,0.942652329749104,1,0.942652329749104
1,0.939068100358422,1,0.939068100358422,1,0.939068100358422,1,0.939068100358422
1,0.935483870967741,1,0.935483870967741,1,0.935483870967741,1,0.935483870967741
1,0.931899641577061,1,0.931899641577061,1,0.931899641577061,1,0.931899641577061
1,0.928315412186379,1,0.928315412186379,1,0.928315412186379,1,0.931899641577061
1,0.924731182795698,1,0.924731182795698,1,0.928315412186379,1,0.931899641577061
1,0.921146953405018,1,0.921146953405018,1,0.921146953405018,1,0.931899641577061
1,0.917562724014336,1,0.917562724014336,1,0.917562724014336,1,0.931899641577061
1,0.917562724014336,1,0.913978494623655,1,0.913978494623655,1,0.931899641577061
1,0.910394265232975,1,0.910394265232975,1,0.910394265232975,1,0.931899641577061
1,0.906810035842293,1,0.906810035842293,1,0.906810035842293,1,0.906810035842293
1,0.903225806451612,1,0.903225806451612,1,0.906810035842293,1,0.906810035842293
1,0.903225806451612,1,0.899641577060932,1,0.899641577060932,1,0.899641577060932
1,0.903225806451612,1,0.89605734767025,1,0.89605734767025,1,0.89605734767025
1,0.903225806451612,1,0.892473118279569,1,0.892473118279569,1,0.892473118279569
1,0.903225806451612,1,0.892473118279569,1,0.888888888888888,1,0.888888888888888
1,0.885304659498207,1,0.885304659498207,1,0.885304659498207,1,0.885304659498207
1,0.881720430107526,1,0.881720430107526,1,0.881720430107526,1,0.881720430107526
1,0.878136200716845,1,0.878136200716845,1,0.878136200716845,1,0.878136200716845
1,0.878136200716845,1,0.878136200716845,1,0.878136200716845,1,0.874551971326164
1,0.870967741935483,1,0.878136200716845,1,0.878136200716845,1,0.874551971326164
1,0.867383512544802,1,0.878136200716845,1,0.878136200716845,1,0.867383512544802
1,0.863799283154121,1,0.878136200716845,1,0.878136200716845,1,0.863799283154121
1,0.86021505376344,1,0.878136200716845,1,0.878136200716845,1,0.86021505376344
1,0.856630824372759,1,0.878136200716845,1,0.878136200716845,1,0.856630824372759
1,0.853046594982078,1,0.853046594982078,1,0.853046594982078,1,0.856630824372759
1,0.849462365591397,1,0.849462365591397,1,0.849462365591397,1,0.856630824372759
1,0.845878136200716,1,0.845878136200716,1,0.845878136200716,1,0.856630824372759
1,0.845878136200716,1,0.842293906810035,1,0.842293906810035,1,0.856630824372759
1,0.845878136200716,1,0.842293906810035,1,0.838709677419354,1,0.838709677419354
1,0.845878136200716,1,0.835125448028673,1,0.835125448028673,1,0.835125448028673
1,0.845878136200716,1,0.831541218637992,1,0.831541218637992,1,0.831541218637992
1,0.845878136200716,1,0.827956989247311,1,0.827956989247311,1,0.827956989247311
1,0.845878136200716,1,0.82437275985663,1,0.827956989247311,1,0.82437275985663
1,0.820788530465949,1,0.820788530465949,1,0.827956989247311,1,0.820788530465949
1,0.817204301075268,1,0.820788530465949,1,0.827956989247311,1,0.820788530465949
1,0.813620071684587,1,0.820788530465949,1,0.827956989247311,1,0.813620071684587
1,0.810035842293906,1,0.820788530465949,1,0.810035842293906,1,0.810035842293906
1,0.806451612903225,1,0.820788530465949,1,0.810035842293906,1,0.806451612903225
1,0.802867383512544,1,0.802867383512544,1,0.802867383512544,1,0.802867383512544
1,0.799283154121863,1,0.799283154121863,1,0.799283154121863,1,0.799283154121863
1,0.799283154121863,1,0.795698924731182,1,0.795698924731182,1,0.795698924731182
1,0.792114695340501,1,0.792114695340501,1,0.792114695340501,1,0.792114695340501
1,0.78853046594982,1,0.792114695340501,1,0.78853046594982,1,0.78853046594982
1,0.784946236559139,1,0.784946236559139,1,0.784946236559139,1,0.784946236559139
1,0.781362007168458,1,0.781362007168458,1,0.781362007168458,1,0.781362007168458
1,0.777777777777777,1,0.777777777777777,1,0.777777777777777,1,0.777777777777777
1,0.774193548387096,1,0.774193548387096,1,0.774193548387096,0.994505494505494,0.777777777777777
1,0.770609318996415,1,0.770609318996415,1,0.770609318996415,0.994505494505494,0.774193548387096
1,0.767025089605734,1,0.767025089605734,1,0.767025089605734,0.994505494505494,0.770609318996415
1,0.763440860215053,1,0.763440860215053,1,0.763440860215053,0.994505494505494,0.767025089605734
1,0.759856630824372,1,0.759856630824372,1,0.759856630824372,0.994505494505494,0.763440860215053
1,0.756272401433691,1,0.756272401433691,1,0.756272401433691,0.994505494505494,0.759856630824372
1,0.75268817204301,1,0.75268817204301,0.994505494505494,0.756272401433691,0.994505494505494,0.756272401433691
1,0.749103942652329,1,0.749103942652329,0.994505494505494,0.75268817204301,0.994505494505494,0.75268817204301
1,0.745519713261648,1,0.745519713261648,0.994505494505494,0.749103942652329,0.994505494505494,0.749103942652329
1,0.741935483870967,1,0.741935483870967,0.994505494505494,0.745519713261648,0.994505494505494,0.745519713261648
1,0.738351254480286,1,0.738351254480286,0.994505494505494,0.741935483870967,0.994505494505494,0.741935483870967
1,0.734767025089605,1,0.734767025089605,0.994505494505494,0.738351254480286,0.994505494505494,0.738351254480286
1,0.731182795698924,0.994505494505494,0.734767025089605,0.994505494505494,0.734767025089605,0.994505494505494,0.734767025089605
1,0.727598566308243,0.994505494505494,0.731182795698924,0.994505494505494,0.731182795698924,0.994505494505494,0.731182795698924
1,0.724014336917562,0.994505494505494,0.727598566308243,0.994505494505494,0.727598566308243,0.994505494505494,0.727598566308243
1,0.720430107526881,0.994505494505494,0.724014336917562,0.994505494505494,0.724014336917562,0.994505494505494,0.724014336917562
1,0.7168458781362,0.994505494505494,0.720430107526881,0.994505494505494,0.720430107526881,0.994505494505494,0.720430107526881
1,0.713261648745519,0.994505494505494,0.7168458781362,0.994505494505494,0.7168458781362,0.989010989010989,0.720430107526881
0.994505494505494,0.713261648745519,0.994505494505494,0.713261648745519,0.994505494505494,0.713261648745519,0.989010989010989,0.7168458781362
0.994505494505494,0.709677419354838,0.994505494505494,0.709677419354838,0.994505494505494,0.709677419354838,0.989010989010989,0.713261648745519
0.994505494505494,0.706093189964157,0.994505494505494,0.706093189964157,0.994505494505494,0.706093189964157,0.989010989010989,0.709677419354838
0.994505494505494,0.702508960573476,0.994505494505494,0.702508960573476,0.994505494505494,0.702508960573476,0.989010989010989,0.706093189964157
0.994505494505494,0.698924731182795,0.994505494505494,0.698924731182795,0.994505494505494,0.698924731182795,0.989010989010989,0.702508960573476
0.989010989010989,0.698924731182795,0.994505494505494,0.695340501792114,0.994505494505494,0.695340501792114,0.989010989010989,0.698924731182795
0.989010989010989,0.695340501792114,0.994505494505494,0.691756272401433,0.994505494505494,0.691756272401433,0.989010989010989,0.695340501792114
0.989010989010989,0.691756272401433,0.994505494505494,0.688172043010752,0.994505494505494,0.688172043010752,0.989010989010989,0.691756272401433
0.989010989010989,0.688172043010752,0.994505494505494,0.684587813620071,0.994505494505494,0.684587813620071,0.989010989010989,0.688172043010752
0.989010989010989,0.684587813620071,0.994505494505494,0.68100358422939,0.994505494505494,0.68100358422939,0.989010989010989,0.684587813620071
0.989010989010989,0.68100358422939,0.994505494505494,0.677419354838709,0.994505494505494,0.677419354838709,0.989010989010989,0.68100358422939
0.989010989010989,0.677419354838709,0.994505494505494,0.673835125448028,0.994505494505494,0.673835125448028,0.989010989010989,0.677419354838709
0.989010989010989,0.673835125448028,0.989010989010989,0.673835125448028,0.994505494505494,0.670250896057347,0.989010989010989,0.673835125448028
0.989010989010989,0.670250896057347,0.989010989010989,0.670250896057347,0.994505494505494,0.666666666666666,0.989010989010989,0.670250896057347
0.989010989010989,0.666666666666666,0.989010989010989,0.666666666666666,0.994505494505494,0.663082437275985,0.989010989010989,0.666666666666666
0.989010989010989,0.663082437275985,0.989010989010989,0.663082437275985,0.989010989010989,0.663082437275985,0.989010989010989,0.663082437275985
0.989010989010989,0.659498207885304,0.989010989010989,0.659498207885304,0.989010989010989,0.659498207885304,0.989010989010989,0.659498207885304
0.989010989010989,0.655913978494623,0.989010989010989,0.655913978494623,0.989010989010989,0.655913978494623,0.989010989010989,0.655913978494623
0.989010989010989,0.652329749103942,0.989010989010989,0.652329749103942,0.989010989010989,0.652329749103942,0.989010989010989,0.652329749103942
0.983516483516483,0.652329749103942,0.989010989010989,0.648745519713261,0.989010989010989,0.648745519713261,0.989010989010989,0.648745519713261
0.983516483516483,0.648745519713261,0.989010989010989,0.64516129032258,0.989010989010989,0.64516129032258,0.989010989010989,0.64516129032258
0.983516483516483,0.64516129032258,0.989010989010989,0.641577060931899,0.989010989010989,0.641577060931899,0.983516483516483,0.64516129032258
0.983516483516483,0.641577060931899,0.989010989010989,0.637992831541218,0.989010989010989,0.637992831541218,0.983516483516483,0.641577060931899
0.983516483516483,0.637992831541218,0.989010989010989,0.634408602150537,0.989010989010989,0.634408602150537,0.983516483516483,0.637992831541218
0.983516483516483,0.634408602150537,0.989010989010989,0.630824372759856,0.989010989010989,0.630824372759856,0.983516483516483,0.634408602150537
0.983516483516483,0.630824372759856,0.989010989010989,0.627240143369175,0.989010989010989,0.627240143369175,0.983516483516483,0.630824372759856
0.983516483516483,0.627240143369175,0.989010989010989,0.623655913978494,0.989010989010989,0.623655913978494,0.983516483516483,0.627240143369175
0.978021978021978,0.627240143369175,0.989010989010989,0.620071684587813,0.989010989010989,0.620071684587813,0.983516483516483,0.623655913978494
0.978021978021978,0.623655913978494,0.989010989010989,0.616487455197132,0.989010989010989,0.616487455197132,0.983516483516483,0.620071684587813
0.978021978021978,0.620071684587813,0.989010989010989,0.612903225806451,0.989010989010989,0.612903225806451,0.983516483516483,0.616487455197132
0.978021978021978,0.616487455197132,0.989010989010989,0.60931899641577,0.989010989010989,0.60931899641577,0.983516483516483,0.612903225806451
0.978021978021978,0.612903225806451,0.989010989010989,0.605734767025089,0.989010989010989,0.605734767025089,0.983516483516483,0.60931899641577
0.978021978021978,0.60931899641577,0.989010989010989,0.602150537634408,0.989010989010989,0.602150537634408,0.983516483516483,0.605734767025089
0.972527472527472,0.60931899641577,0.989010989010989,0.598566308243727,0.989010989010989,0.598566308243727,0.983516483516483,0.602150537634408
0.972527472527472,0.605734767025089,0.989010989010989,0.594982078853046,0.989010989010989,0.594982078853046,0.978021978021978,0.602150537634408
0.972527472527472,0.602150537634408,0.989010989010989,0.591397849462365,0.989010989010989,0.591397849462365,0.978021978021978,0.598566308243727
0.972527472527472,0.598566308243727,0.989010989010989,0.587813620071684,0.989010989010989,0.587813620071684,0.978021978021978,0.594982078853046
0.972527472527472,0.594982078853046,0.989010989010989,0.584229390681003,0.989010989010989,0.584229390681003,0.978021978021978,0.591397849462365
0.972527472527472,0.591397849462365,0.989010989010989,0.580645161290322,0.989010989010989,0.580645161290322,0.978021978021978,0.587813620071684
0.972527472527472,0.587813620071684,0.989010989010989,0.577060931899641,0.989010989010989,0.577060931899641,0.978021978021978,0.584229390681003
0.972527472527472,0.584229390681003,0.989010989010989,0.57347670250896,0.983516483516483,0.577060931899641,0.978021978021978,0.580645161290322
0.972527472527472,0.580645161290322,0.989010989010989,0.569892473118279,0.983516483516483,0.57347670250896,0.978021978021978,0.577060931899641
0.972527472527472,0.577060931899641,0.989010989010989,0.566308243727598,0.983516483516483,0.569892473118279,0.978021978021978,0.57347670250896
0.972527472527472,0.57347670250896,0.989010989010989,0.562724014336917,0.983516483516483,0.566308243727598,0.978021978021978,0.569892473118279
0.972527472527472,0.569892473118279,0.989010989010989,0.559139784946236,0.983516483516483,0.562724014336917,0.978021978021978,0.566308243727598
0.972527472527472,0.566308243727598,0.989010989010989,0.555555555555555,0.983516483516483,0.559139784946236,0.978021978021978,0.562724014336917
0.972527472527472,0.562724014336917,0.989010989010989,0.551971326164874,0.983516483516483,0.555555555555555,0.972527472527472,0.562724014336917
0.972527472527472,0.559139784946236,0.989010989010989,0.548387096774193,0.983516483516483,0.551971326164874,0.972527472527472,0.559139784946236
0.972527472527472,0.555555555555555,0.989010989010989,0.544802867383512,0.978021978021978,0.551971326164874,0.972527472527472,0.555555555555555
0.972527472527472,0.551971326164874,0.989010989010989,0.541218637992831,0.978021978021978,0.548387096774193,0.972527472527472,0.551971326164874
0.972527472527472,0.548387096774193,0.989010989010989,0.53763440860215,0.978021978021978,0.544802867383512,0.972527472527472,0.548387096774193
0.972527472527472,0.544802867383512,0.989010989010989,0.534050179211469,0.978021978021978,0.541218637992831,0.972527472527472,0.544802867383512
0.972527472527472,0.541218637992831,0.989010989010989,0.530465949820788,0.978021978021978,0.53763440860215,0.972527472527472,0.541218637992831
0.972527472527472,0.53763440860215,0.989010989010989,0.526881720430107,0.978021978021978,0.534050179211469,0.972527472527472,0.53763440860215
0.972527472527472,0.534050179211469,0.989010989010989,0.523297491039426,0.978021978021978,0.530465949820788,0.972527472527472,0.534050179211469
0.972527472527472,0.530465949820788,0.989010989010989,0.519713261648745,0.978021978021978,0.526881720430107,0.972527472527472,0.530465949820788
0.972527472527472,0.526881720430107,0.989010989010989,0.516129032258064,0.978021978021978,0.523297491039426,0.972527472527472,0.526881720430107
0.972527472527472,0.523297491039426,0.989010989010989,0.512544802867383,0.978021978021978,0.519713261648745,0.972527472527472,0.523297491039426
0.972527472527472,0.519713261648745,0.989010989010989,0.508960573476702,0.978021978021978,0.516129032258064,0.972527472527472,0.519713261648745
0.972527472527472,0.516129032258064,0.989010989010989,0.505376344086021,0.978021978021978,0.512544802867383,0.972527472527472,0.516129032258064
0.967032967032967,0.516129032258064,0.989010989010989,0.50179211469534,0.978021978021978,0.508960573476702,0.972527472527472,0.512544802867383
0.967032967032967,0.512544802867383,0.989010989010989,0.498207885304659,0.972527472527472,0.508960573476702,0.972527472527472,0.508960573476702
0.967032967032967,0.508960573476702,0.989010989010989,0.494623655913978,0.972527472527472,0.505376344086021,0.972527472527472,0.505376344086021
0.967032967032967,0.505376344086021,0.989010989010989,0.491039426523297,0.972527472527472,0.50179211469534,0.972527472527472,0.50179211469534
0.961538461538461,0.505376344086021,0.989010989010989,0.487455197132616,0.972527472527472,0.498207885304659,0.972527472527472,0.498207885304659
0.961538461538461,0.50179211469534,0.989010989010989,0.483870967741935,0.972527472527472,0.494623655913978,0.972527472527472,0.494623655913978
0.961538461538461,0.498207885304659,0.989010989010989,0.480286738351254,0.972527472527472,0.491039426523297,0.972527472527472,0.491039426523297
0.961538461538461,0.494623655913978,0.989010989010989,0.476702508960573,0.972527472527472,0.487455197132616,0.972527472527472,0.487455197132616
0.961538461538461,0.491039426523297,0.989010989010989,0.473118279569892,0.972527472527472,0.483870967741935,0.972527472527472,0.483870967741935
0.961538461538461,0.487455197132616,0.989010989010989,0.469534050179211,0.972527472527472,0.480286738351254,0.972527472527472,0.480286738351254
0.961538461538461,0.483870967741935,0.989010989010989,0.46594982078853,0.972527472527472,0.476702508960573,0.972527472527472,0.476702508960573
0.961538461538461,0.480286738351254,0.989010989010989,0.462365591397849,0.972527472527472,0.473118279569892,0.972527472527472,0.473118279569892
0.961538461538461,0.476702508960573,0.983516483516483,0.462365591397849,0.972527472527472,0.469534050179211,0.972527472527472,0.469534050179211
0.961538461538461,0.473118279569892,0.983516483516483,0.458781362007168,0.972527472527472,0.46594982078853,0.967032967032967,0.469534050179211
0.961538461538461,0.469534050179211,0.983516483516483,0.455197132616487,0.972527472527472,0.462365591397849,0.967032967032967,0.46594982078853
0.961538461538461,0.46594982078853,0.978021978021978,0.455197132616487,0.972527472527472,0.458781362007168,0.967032967032967,0.462365591397849
0.961538461538461,0.462365591397849,0.978021978021978,0.451612903225806,0.972527472527472,0.455197132616487,0.967032967032967,0.458781362007168
0.961538461538461,0.458781362007168,0.978021978021978,0.448028673835125,0.967032967032967,0.455197132616487,0.967032967032967,0.455197132616487
0.961538461538461,0.455197132616487,0.978021978021978,0.444444444444444,0.967032967032967,0.451612903225806,0.967032967032967,0.451612903225806
0.961538461538461,0.451612903225806,0.978021978021978,0.440860215053763,0.967032967032967,0.448028673835125,0.967032967032967,0.448028673835125
0.961538461538461,0.448028673835125,0.978021978021978,0.437275985663082,0.967032967032967,0.444444444444444,0.967032967032967,0.444444444444444
0.961538461538461,0.444444444444444,0.978021978021978,0.433691756272401,0.967032967032967,0.440860215053763,0.967032967032967,0.440860215053763
0.956043956043956,0.444444444444444,0.978021978021978,0.43010752688172,0.967032967032967,0.437275985663082,0.961538461538461,0.440860215053763
0.956043956043956,0.440860215053763,0.978021978021978,0.426523297491039,0.967032967032967,0.433691756272401,0.961538461538461,0.437275985663082
0.956043956043956,0.437275985663082,0.978021978021978,0.422939068100358,0.967032967032967,0.43010752688172,0.961538461538461,0.433691756272401
0.956043956043956,0.433691756272401,0.972527472527472,0.422939068100358,0.967032967032967,0.426523297491039,0.961538461538461,0.43010752688172
0.956043956043956,0.43010752688172,0.972527472527472,0.419354838709677,0.967032967032967,0.422939068100358,0.961538461538461,0.426523297491039
0.956043956043956,0.426523297491039,0.972527472527472,0.415770609318996,0.967032967032967,0.419354838709677,0.961538461538461,0.422939068100358
0.956043956043956,0.422939068100358,0.972527472527472,0.412186379928315,0.967032967032967,0.415770609318996,0.961538461538461,0.419354838709677
0.956043956043956,0.419354838709677,0.972527472527472,0.408602150537634,0.967032967032967,0.412186379928315,0.961538461538461,0.415770609318996
0.956043956043956,0.415770609318996,0.972527472527472,0.405017921146953,0.967032967032967,0.408602150537634,0.961538461538461,0.412186379928315
0.956043956043956,0.412186379928315,0.972527472527472,0.401433691756272,0.967032967032967,0.405017921146953,0.961538461538461,0.408602150537634
0.956043956043956,0.408602150537634,0.972527472527472,0.397849462365591,0.967032967032967,0.401433691756272,0.961538461538461,0.405017921146953
0.956043956043956,0.405017921146953,0.972527472527472,0.39426523297491,0.967032967032967,0.397849462365591,0.961538461538461,0.401433691756272
0.956043956043956,0.401433691756272,0.972527472527472,0.390681003584229,0.967032967032967,0.39426523297491,0.961538461538461,0.397849462365591
0.956043956043956,0.397849462365591,0.972527472527472,0.387096774193548,0.967032967032967,0.390681003584229,0.961538461538461,0.39426523297491
0.956043956043956,0.39426523297491,0.972527472527472,0.383512544802867,0.967032967032967,0.387096774193548,0.961538461538461,0.390681003584229
0.95054945054945,0.39426523297491,0.972527472527472,0.379928315412186,0.967032967032967,0.383512544802867,0.956043956043956,0.390681003584229
0.95054945054945,0.390681003584229,0.972527472527472,0.376344086021505,0.967032967032967,0.379928315412186,0.95054945054945,0.390681003584229
0.95054945054945,0.387096774193548,0.972527472527472,0.372759856630824,0.967032967032967,0.376344086021505,0.95054945054945,0.387096774193548
0.95054945054945,0.383512544802867,0.972527472527472,0.369175627240143,0.967032967032967,0.372759856630824,0.95054945054945,0.383512544802867
0.945054945054945,0.383512544802867,0.972527472527472,0.365591397849462,0.967032967032967,0.369175627240143,0.945054945054945,0.383512544802867
0.945054945054945,0.379928315412186,0.972527472527472,0.362007168458781,0.967032967032967,0.365591397849462,0.945054945054945,0.379928315412186
0.945054945054945,0.376344086021505,0.972527472527472,0.3584229390681,0.967032967032967,0.362007168458781,0.939560439560439,0.379928315412186
0.945054945054945,0.372759856630824,0.972527472527472,0.354838709677419,0.967032967032967,0.3584229390681,0.939560439560439,0.376344086021505
0.939560439560439,0.372759856630824,0.967032967032967,0.354838709677419,0.967032967032967,0.354838709677419,0.939560439560439,0.372759856630824
0.939560439560439,0.369175627240143,0.967032967032967,0.351254480286738,0.967032967032967,0.351254480286738,0.934065934065934,0.372759856630824
0.939560439560439,0.365591397849462,0.967032967032967,0.347670250896057,0.961538461538461,0.351254480286738,0.928571428571428,0.372759856630824
0.939560439560439,0.362007168458781,0.967032967032967,0.344086021505376,0.961538461538461,0.347670250896057,0.928571428571428,0.369175627240143
0.939560439560439,0.3584229390681,0.967032967032967,0.340501792114695,0.961538461538461,0.344086021505376,0.928571428571428,0.365591397849462
0.934065934065934,0.3584229390681,0.967032967032967,0.336917562724014,0.956043956043956,0.344086021505376,0.928571428571428,0.362007168458781
0.928571428571428,0.3584229390681,0.967032967032967,0.333333333333333,0.956043956043956,0.340501792114695,0.928571428571428,0.3584229390681
0.928571428571428,0.354838709677419,0.967032967032967,0.329749103942652,0.956043956043956,0.336917562724014,0.928571428571428,0.354838709677419
0.928571428571428,0.351254480286738,0.967032967032967,0.326164874551971,0.956043956043956,0.333333333333333,0.928571428571428,0.351254480286738
0.928571428571428,0.347670250896057,0.967032967032967,0.32258064516129,0.956043956043956,0.329749103942652,0.928571428571428,0.347670250896057
0.928571428571428,0.344086021505376,0.967032967032967,0.318996415770609,0.956043956043956,0.326164874551971,0.923076923076923,0.347670250896057
0.928571428571428,0.340501792114695,0.967032967032967,0.315412186379928,0.956043956043956,0.32258064516129,0.923076923076923,0.344086021505376
0.928571428571428,0.336917562724014,0.967032967032967,0.311827956989247,0.956043956043956,0.318996415770609,0.923076923076923,0.340501792114695
0.928571428571428,0.333333333333333,0.967032967032967,0.308243727598566,0.956043956043956,0.315412186379928,0.923076923076923,0.336917562724014
0.928571428571428,0.329749103942652,0.967032967032967,0.304659498207885,0.956043956043956,0.311827956989247,0.917582417582417,0.336917562724014
0.928571428571428,0.326164874551971,0.967032967032967,0.301075268817204,0.95054945054945,0.311827956989247,0.917582417582417,0.333333333333333
0.928571428571428,0.32258064516129,0.967032967032967,0.297491039426523,0.945054945054945,0.311827956989247,0.917582417582417,0.329749103942652
0.923076923076923,0.32258064516129,0.967032967032967,0.293906810035842,0.945054945054945,0.308243727598566,0.917582417582417,0.326164874551971
0.923076923076923,0.318996415770609,0.967032967032967,0.290322580645161,0.945054945054945,0.304659498207885,0.912087912087912,0.326164874551971
0.923076923076923,0.315412186379928,0.967032967032967,0.28673835125448,0.945054945054945,0.301075268817204,0.912087912087912,0.32258064516129
0.923076923076923,0.311827956989247,0.961538461538461,0.28673835125448,0.945054945054945,0.297491039426523,0.912087912087912,0.318996415770609
0.923076923076923,0.308243727598566,0.956043956043956,0.28673835125448,0.945054945054945,0.293906810035842,0.906593406593406,0.318996415770609
0.923076923076923,0.304659498207885,0.95054945054945,0.28673835125448,0.939560439560439,0.293906810035842,0.901098901098901,0.318996415770609
0.923076923076923,0.301075268817204,0.95054945054945,0.283154121863799,0.934065934065934,0.293906810035842,0.901098901098901,0.315412186379928
0.923076923076923,0.297491039426523,0.95054945054945,0.279569892473118,0.934065934065934,0.290322580645161,0.901098901098901,0.311827956989247
0.923076923076923,0.293906810035842,0.95054945054945,0.275985663082437,0.934065934065934,0.28673835125448,0.895604395604395,0.311827956989247
0.923076923076923,0.290322580645161,0.95054945054945,0.272401433691756,0.928571428571428,0.28673835125448,0.89010989010989,0.311827956989247
0.923076923076923,0.28673835125448,0.945054945054945,0.272401433691756,0.928571428571428,0.283154121863799,0.89010989010989,0.308243727598566
0.923076923076923,0.283154121863799,0.939560439560439,0.272401433691756,0.928571428571428,0.279569892473118,0.89010989010989,0.304659498207885
0.923076923076923,0.279569892473118,0.939560439560439,0.268817204301075,0.928571428571428,0.275985663082437,0.89010989010989,0.301075268817204
0.923076923076923,0.275985663082437,0.939560439560439,0.265232974910394,0.928571428571428,0.272401433691756,0.89010989010989,0.297491039426523
0.923076923076923,0.272401433691756,0.939560439560439,0.261648745519713,0.923076923076923,0.272401433691756,0.89010989010989,0.293906810035842
0.923076923076923,0.268817204301075,0.939560439560439,0.258064516129032,0.923076923076923,0.268817204301075,0.884615384615384,0.293906810035842
0.923076923076923,0.265232974910394,0.934065934065934,0.258064516129032,0.923076923076923,0.265232974910394,0.879120879120879,0.293906810035842
0.923076923076923,0.261648745519713,0.934065934065934,0.254480286738351,0.923076923076923,0.261648745519713,0.879120879120879,0.290322580645161
0.923076923076923,0.258064516129032,0.934065934065934,0.25089605734767,0.917582417582417,0.261648745519713,0.873626373626373,0.290322580645161
0.923076923076923,0.254480286738351,0.928571428571428,0.25089605734767,0.917582417582417,0.258064516129032,0.873626373626373,0.28673835125448
0.923076923076923,0.25089605734767,0.928571428571428,0.247311827956989,0.912087912087912,0.258064516129032,0.873626373626373,0.283154121863799
0.923076923076923,0.247311827956989,0.923076923076923,0.247311827956989,0.912087912087912,0.254480286738351,0.873626373626373,0.279569892473118
0.923076923076923,0.243727598566308,0.923076923076923,0.243727598566308,0.912087912087912,0.25089605734767,0.868131868131868,0.279569892473118
0.923076923076923,0.240143369175627,0.923076923076923,0.240143369175627,0.912087912087912,0.247311827956989,0.868131868131868,0.275985663082437
0.923076923076923,0.236559139784946,0.917582417582417,0.240143369175627,0.906593406593406,0.247311827956989,0.862637362637362,0.275985663082437
0.923076923076923,0.232974910394265,0.917582417582417,0.236559139784946,0.906593406593406,0.243727598566308,0.857142857142857,0.275985663082437
0.917582417582417,0.232974910394265,0.912087912087912,0.236559139784946,0.906593406593406,0.240143369175627,0.851648351648351,0.275985663082437
0.917582417582417,0.229390681003584,0.912087912087912,0.232974910394265,0.901098901098901,0.240143369175627,0.846153846153846,0.275985663082437
0.917582417582417,0.225806451612903,0.912087912087912,0.229390681003584,0.895604395604395,0.240143369175627,0.84065934065934,0.275985663082437
0.917582417582417,0.222222222222222,0.912087912087912,0.225806451612903,0.89010989010989,0.240143369175627,0.835164835164835,0.275985663082437
0.917582417582417,0.218637992831541,0.906593406593406,0.225806451612903,0.89010989010989,0.236559139784946,0.829670329670329,0.275985663082437
0.912087912087912,0.218637992831541,0.906593406593406,0.222222222222222,0.884615384615384,0.236559139784946,0.824175824175824,0.275985663082437
0.906593406593406,0.218637992831541,0.901098901098901,0.222222222222222,0.884615384615384,0.232974910394265,0.818681318681318,0.275985663082437
0.901098901098901,0.218637992831541,0.895604395604395,0.222222222222222,0.884615384615384,0.229390681003584,0.813186813186813,0.275985663082437
0.901098901098901,0.21505376344086,0.89010989010989,0.222222222222222,0.879120879120879,0.229390681003584,0.813186813186813,0.272401433691756
0.901098901098901,0.211469534050179,0.884615384615384,0.222222222222222,0.873626373626373,0.229390681003584,0.807692307692307,0.272401433691756
0.901098901098901,0.207885304659498,0.879120879120879,0.222222222222222,0.868131868131868,0.229390681003584,0.802197802197802,0.272401433691756
0.901098901098901,0.204301075268817,0.879120879120879,0.218637992831541,0.862637362637362,0.229390681003584,0.796703296703296,0.272401433691756
0.901098901098901,0.200716845878136,0.873626373626373,0.218637992831541,0.862637362637362,0.225806451612903,0.796703296703296,0.268817204301075
0.901098901098901,0.197132616487455,0.868131868131868,0.218637992831541,0.857142857142857,0.225806451612903,0.791208791208791,0.268817204301075
0.901098901098901,0.193548387096774,0.862637362637362,0.218637992831541,0.851648351648351,0.225806451612903,0.791208791208791,0.265232974910394
0.901098901098901,0.189964157706093,0.857142857142857,0.218637992831541,0.846153846153846,0.225806451612903,0.791208791208791,0.261648745519713
0.895604395604395,0.189964157706093,0.857142857142857,0.21505376344086,0.846153846153846,0.222222222222222,0.785714285714285,0.261648745519713
0.89010989010989,0.189964157706093,0.851648351648351,0.21505376344086,0.846153846153846,0.218637992831541,0.785714285714285,0.258064516129032
0.884615384615384,0.189964157706093,0.846153846153846,0.21505376344086,0.846153846153846,0.21505376344086,0.785714285714285,0.254480286738351
0.884615384615384,0.186379928315412,0.846153846153846,0.211469534050179,0.84065934065934,0.21505376344086,0.785714285714285,0.25089605734767
0.884615384615384,0.182795698924731,0.84065934065934,0.211469534050179,0.835164835164835,0.21505376344086,0.78021978021978,0.25089605734767
0.884615384615384,0.17921146953405,0.835164835164835,0.211469534050179,0.829670329670329,0.21505376344086,0.774725274725274,0.25089605734767
0.884615384615384,0.175627240143369,0.835164835164835,0.207885304659498,0.829670329670329,0.211469534050179,0.769230769230769,0.25089605734767
0.879120879120879,0.175627240143369,0.829670329670329,0.207885304659498,0.824175824175824,0.211469534050179,0.763736263736263,0.25089605734767
0.879120879120879,0.172043010752688,0.829670329670329,0.204301075268817,0.824175824175824,0.207885304659498,0.763736263736263,0.247311827956989
0.879120879120879,0.168458781362007,0.824175824175824,0.204301075268817,0.818681318681318,0.207885304659498,0.763736263736263,0.243727598566308
0.873626373626373,0.168458781362007,0.824175824175824,0.200716845878136,0.818681318681318,0.204301075268817,0.758241758241758,0.243727598566308
0.868131868131868,0.168458781362007,0.824175824175824,0.197132616487455,0.813186813186813,0.204301075268817,0.758241758241758,0.240143369175627
0.862637362637362,0.168458781362007,0.824175824175824,0.193548387096774,0.813186813186813,0.200716845878136,0.758241758241758,0.236559139784946
0.862637362637362,0.164874551971326,0.824175824175824,0.189964157706093,0.813186813186813,0.197132616487455,0.758241758241758,0.232974910394265
0.862637362637362,0.161290322580645,0.824175824175824,0.186379928315412,0.813186813186813,0.193548387096774,0.752747252747252,0.232974910394265
0.857142857142857,0.161290322580645,0.818681318681318,0.186379928315412,0.807692307692307,0.193548387096774,0.752747252747252,0.229390681003584
0.851648351648351,0.161290322580645,0.813186813186813,0.186379928315412,0.802197802197802,0.193548387096774,0.747252747252747,0.229390681003584
0.851648351648351,0.157706093189964,0.807692307692307,0.186379928315412,0.796703296703296,0.193548387096774,0.747252747252747,0.225806451612903
0.846153846153846,0.157706093189964,0.802197802197802,0.186379928315412,0.791208791208791,0.193548387096774,0.747252747252747,0.222222222222222
0.84065934065934,0.157706093189964,0.802197802197802,0.182795698924731,0.791208791208791,0.189964157706093,0.741758241758241,0.222222222222222
0.835164835164835,0.157706093189964,0.796703296703296,0.182795698924731,0.785714285714285,0.189964157706093,0.741758241758241,0.218637992831541
0.829670329670329,0.157706093189964,0.791208791208791,0.182795698924731,0.78021978021978,0.189964157706093,0.741758241758241,0.21505376344086
0.824175824175824,0.157706093189964,0.791208791208791,0.17921146953405,0.78021978021978,0.186379928315412,0.741758241758241,0.211469534050179
0.824175824175824,0.154121863799283,0.791208791208791,0.175627240143369,0.774725274725274,0.186379928315412,0.736263736263736,0.211469534050179
0.818681318681318,0.154121863799283,0.791208791208791,0.172043010752688,0.774725274725274,0.182795698924731,0.73076923076923,0.211469534050179
0.813186813186813,0.154121863799283,0.785714285714285,0.172043010752688,0.769230769230769,0.182795698924731,0.73076923076923,0.207885304659498
0.813186813186813,0.150537634408602,0.78021978021978,0.172043010752688,0.769230769230769,0.17921146953405,0.725274725274725,0.207885304659498
0.807692307692307,0.150537634408602,0.774725274725274,0.172043010752688,0.763736263736263,0.17921146953405,0.725274725274725,0.204301075268817
0.802197802197802,0.150537634408602,0.774725274725274,0.168458781362007,0.763736263736263,0.175627240143369,0.719780219780219,0.204301075268817
0.796703296703296,0.150537634408602,0.774725274725274,0.164874551971326,0.763736263736263,0.172043010752688,0.714285714285714,0.204301075268817
0.791208791208791,0.150537634408602,0.774725274725274,0.161290322580645,0.763736263736263,0.168458781362007,0.708791208791208,0.204301075268817
0.785714285714285,0.150537634408602,0.774725274725274,0.157706093189964,0.763736263736263,0.164874551971326,0.708791208791208,0.200716845878136
0.785714285714285,0.146953405017921,0.769230769230769,0.157706093189964,0.758241758241758,0.164874551971326,0.708791208791208,0.197132616487455
0.785714285714285,0.14336917562724,0.769230769230769,0.154121863799283,0.758241758241758,0.161290322580645,0.703296703296703,0.197132616487455
0.785714285714285,0.139784946236559,0.763736263736263,0.154121863799283,0.758241758241758,0.157706093189964,0.703296703296703,0.193548387096774
0.78021978021978,0.139784946236559,0.763736263736263,0.150537634408602,0.758241758241758,0.154121863799283,0.697802197802197,0.193548387096774
0.78021978021978,0.136200716845878,0.763736263736263,0.146953405017921,0.752747252747252,0.154121863799283,0.692307692307692,0.193548387096774
0.78021978021978,0.132616487455197,0.763736263736263,0.14336917562724,0.747252747252747,0.154121863799283,0.692307692307692,0.189964157706093
0.774725274725274,0.132616487455197,0.758241758241758,0.14336917562724,0.741758241758241,0.154121863799283,0.686813186813186,0.189964157706093
0.774725274725274,0.129032258064516,0.758241758241758,0.139784946236559,0.736263736263736,0.154121863799283,0.681318681318681,0.189964157706093
0.769230769230769,0.129032258064516,0.752747252747252,0.139784946236559,0.73076923076923,0.154121863799283,0.675824175824175,0.189964157706093
0.769230769230769,0.125448028673835,0.747252747252747,0.139784946236559,0.73076923076923,0.150537634408602,0.67032967032967,0.189964157706093
0.763736263736263,0.125448028673835,0.741758241758241,0.139784946236559,0.73076923076923,0.146953405017921,0.67032967032967,0.186379928315412
0.758241758241758,0.125448028673835,0.736263736263736,0.139784946236559,0.73076923076923,0.14336917562724,0.67032967032967,0.182795698924731
0.752747252747252,0.125448028673835,0.73076923076923,0.139784946236559,0.725274725274725,0.14336917562724,0.664835164835164,0.182795698924731
0.747252747252747,0.125448028673835,0.73076923076923,0.136200716845878,0.719780219780219,0.14336917562724,0.664835164835164,0.17921146953405
0.741758241758241,0.125448028673835,0.725274725274725,0.136200716845878,0.714285714285714,0.14336917562724,0.659340659340659,0.17921146953405
0.736263736263736,0.125448028673835,0.719780219780219,0.136200716845878,0.708791208791208,0.14336917562724,0.659340659340659,0.175627240143369
0.73076923076923,0.125448028673835,0.719780219780219,0.132616487455197,0.708791208791208,0.139784946236559,0.653846153846153,0.175627240143369
0.725274725274725,0.125448028673835,0.719780219780219,0.129032258064516,0.708791208791208,0.136200716845878,0.653846153846153,0.172043010752688
0.719780219780219,0.125448028673835,0.714285714285714,0.129032258064516,0.708791208791208,0.132616487455197,0.653846153846153,0.168458781362007
0.714285714285714,0.125448028673835,0.708791208791208,0.129032258064516,0.703296703296703,0.132616487455197,0.648351648351648,0.168458781362007
0.708791208791208,0.125448028673835,0.703296703296703,0.129032258064516,0.697802197802197,0.132616487455197,0.642857142857142,0.168458781362007
0.703296703296703,0.125448028673835,0.697802197802197,0.129032258064516,0.692307692307692,0.132616487455197,0.637362637362637,0.168458781362007
0.703296703296703,0.121863799283154,0.692307692307692,0.129032258064516,0.692307692307692,0.129032258064516,0.631868131868131,0.168458781362007
0.697802197802197,0.121863799283154,0.686813186813186,0.129032258064516,0.686813186813186,0.129032258064516,0.626373626373626,0.168458781362007
0.697802197802197,0.118279569892473,0.686813186813186,0.125448028673835,0.681318681318681,0.129032258064516,0.62087912087912,0.168458781362007
0.692307692307692,0.118279569892473,0.681318681318681,0.125448028673835,0.681318681318681,0.125448028673835,0.62087912087912,0.164874551971326
0.686813186813186,0.118279569892473,0.681318681318681,0.121863799283154,0.675824175824175,0.125448028673835,0.615384615384615,0.164874551971326
0.686813186813186,0.114695340501792,0.681318681318681,0.118279569892473,0.67032967032967,0.125448028673835,0.615384615384615,0.161290322580645
0.681318681318681,0.114695340501792,0.681318681318681,0.114695340501792,0.67032967032967,0.121863799283154,0.609890109890109,0.161290322580645
0.681318681318681,0.111111111111111,0.675824175824175,0.114695340501792,0.67032967032967,0.118279569892473,0.609890109890109,0.157706093189964
0.675824175824175,0.111111111111111,0.675824175824175,0.111111111111111,0.67032967032967,0.114695340501792,0.604395604395604,0.157706093189964
0.67032967032967,0.111111111111111,0.67032967032967,0.111111111111111,0.664835164835164,0.114695340501792,0.604395604395604,0.154121863799283
0.664835164835164,0.111111111111111,0.664835164835164,0.111111111111111,0.659340659340659,0.114695340501792,0.598901098901098,0.154121863799283
0.659340659340659,0.111111111111111,0.659340659340659,0.111111111111111,0.653846153846153,0.114695340501792,0.598901098901098,0.150537634408602
0.659340659340659,0.10752688172043,0.653846153846153,0.111111111111111,0.653846153846153,0.111111111111111,0.593406593406593,0.150537634408602
0.653846153846153,0.10752688172043,0.648351648351648,0.111111111111111,0.653846153846153,0.10752688172043,0.593406593406593,0.146953405017921
0.648351648351648,0.10752688172043,0.648351648351648,0.10752688172043,0.648351648351648,0.10752688172043,0.593406593406593,0.14336917562724
0.642857142857142,0.10752688172043,0.642857142857142,0.10752688172043,0.642857142857142,0.10752688172043,0.593406593406593,0.139784946236559
0.637362637362637,0.10752688172043,0.637362637362637,0.10752688172043,0.637362637362637,0.10752688172043,0.587912087912087,0.139784946236559
0.631868131868131,0.10752688172043,0.631868131868131,0.10752688172043,0.631868131868131,0.10752688172043,0.582417582417582,0.139784946236559
0.626373626373626,0.10752688172043,0.626373626373626,0.10752688172043,0.626373626373626,0.10752688172043,0.582417582417582,0.136200716845878
0.626373626373626,0.103942652329749,0.62087912087912,0.10752688172043,0.62087912087912,0.10752688172043,0.582417582417582,0.132616487455197
0.626373626373626,0.100358422939068,0.62087912087912,0.103942652329749,0.615384615384615,0.10752688172043,0.576923076923076,0.132616487455197
0.626373626373626,0.0967741935483871,0.615384615384615,0.103942652329749,0.615384615384615,0.103942652329749,0.571428571428571,0.132616487455197
0.62087912087912,0.0967741935483871,0.609890109890109,0.103942652329749,0.609890109890109,0.103942652329749,0.571428571428571,0.129032258064516
0.62087912087912,0.0931899641577061,0.604395604395604,0.103942652329749,0.604395604395604,0.103942652329749,0.571428571428571,0.125448028673835
0.615384615384615,0.0931899641577061,0.598901098901098,0.103942652329749,0.598901098901098,0.103942652329749,0.571428571428571,0.121863799283154
0.615384615384615,0.089605734767025,0.598901098901098,0.100358422939068,0.593406593406593,0.103942652329749,0.565934065934065,0.121863799283154
0.609890109890109,0.089605734767025,0.598901098901098,0.0967741935483871,0.587912087912087,0.103942652329749,0.56043956043956,0.121863799283154
0.604395604395604,0.089605734767025,0.593406593406593,0.0967741935483871,0.582417582417582,0.103942652329749,0.554945054945055,0.121863799283154
0.598901098901098,0.089605734767025,0.587912087912087,0.0967741935483871,0.576923076923076,0.103942652329749,0.549450549450549,0.121863799283154
0.593406593406593,0.089605734767025,0.582417582417582,0.0967741935483871,0.571428571428571,0.103942652329749,0.543956043956043,0.121863799283154
0.587912087912087,0.089605734767025,0.576923076923076,0.0967741935483871,0.565934065934065,0.103942652329749,0.538461538461538,0.121863799283154
0.582417582417582,0.089605734767025,0.571428571428571,0.0967741935483871,0.56043956043956,0.103942652329749,0.538461538461538,0.118279569892473
0.576923076923076,0.089605734767025,0.565934065934065,0.0967741935483871,0.554945054945055,0.103942652329749,0.532967032967033,0.118279569892473
0.576923076923076,0.086021505376344,0.56043956043956,0.0967741935483871,0.549450549450549,0.103942652329749,0.532967032967033,0.114695340501792
0.571428571428571,0.086021505376344,0.554945054945055,0.0967741935483871,0.543956043956043,0.103942652329749,0.527472527472527,0.114695340501792
0.571428571428571,0.082437275985663,0.549450549450549,0.0967741935483871,0.543956043956043,0.100358422939068,0.521978021978022,0.114695340501792
0.565934065934065,0.082437275985663,0.543956043956043,0.0967741935483871,0.543956043956043,0.0967741935483871,0.516483516483516,0.114695340501792
0.56043956043956,0.082437275985663,0.543956043956043,0.0931899641577061,0.538461538461538,0.0967741935483871,0.510989010989011,0.114695340501792
0.56043956043956,0.078853046594982,0.543956043956043,0.089605734767025,0.532967032967033,0.0967741935483871,0.505494505494505,0.114695340501792
0.554945054945055,0.078853046594982,0.538461538461538,0.089605734767025,0.527472527472527,0.0967741935483871,0.5,0.114695340501792
0.549450549450549,0.078853046594982,0.532967032967033,0.089605734767025,0.527472527472527,0.0931899641577061,0.494505494505494,0.114695340501792
0.543956043956043,0.078853046594982,0.527472527472527,0.089605734767025,0.521978021978022,0.0931899641577061,0.489010989010989,0.114695340501792
0.538461538461538,0.078853046594982,0.521978021978022,0.089605734767025,0.516483516483516,0.0931899641577061,0.489010989010989,0.111111111111111
0.532967032967033,0.078853046594982,0.516483516483516,0.089605734767025,0.510989010989011,0.0931899641577061,0.483516483516483,0.111111111111111
0.527472527472527,0.078853046594982,0.516483516483516,0.086021505376344,0.505494505494505,0.0931899641577061,0.478021978021978,0.111111111111111
0.521978021978022,0.078853046594982,0.516483516483516,0.082437275985663,0.5,0.0931899641577061,0.472527472527472,0.111111111111111
0.521978021978022,0.075268817204301,0.510989010989011,0.082437275985663,0.494505494505494,0.0931899641577061,0.472527472527472,0.10752688172043
0.521978021978022,0.07168458781362,0.510989010989011,0.078853046594982,0.494505494505494,0.089605734767025,0.472527472527472,0.103942652329749
0.516483516483516,0.07168458781362,0.505494505494505,0.078853046594982,0.489010989010989,0.089605734767025,0.467032967032967,0.103942652329749
0.510989010989011,0.07168458781362,0.5,0.078853046594982,0.483516483516483,0.089605734767025,0.461538461538461,0.103942652329749
0.505494505494505,0.07168458781362,0.494505494505494,0.078853046594982,0.478021978021978,0.089605734767025,0.456043956043956,0.103942652329749
0.5,0.07168458781362,0.494505494505494,0.075268817204301,0.472527472527472,0.089605734767025,0.456043956043956,0.100358422939068
0.5,0.068100358422939,0.494505494505494,0.07168458781362,0.467032967032967,0.089605734767025,0.45054945054945,0.100358422939068
0.494505494505494,0.068100358422939,0.494505494505494,0.068100358422939,0.467032967032967,0.086021505376344,0.445054945054945,0.100358422939068
0.489010989010989,0.068100358422939,0.489010989010989,0.068100358422939,0.461538461538461,0.086021505376344,0.439560439560439,0.100358422939068
0.483516483516483,0.068100358422939,0.483516483516483,0.068100358422939,0.461538461538461,0.082437275985663,0.434065934065934,0.100358422939068
0.478021978021978,0.068100358422939,0.478021978021978,0.068100358422939,0.456043956043956,0.082437275985663,0.428571428571428,0.100358422939068
0.472527472527472,0.068100358422939,0.472527472527472,0.068100358422939,0.45054945054945,0.082437275985663,0.428571428571428,0.0967741935483871
0.467032967032967,0.068100358422939,0.467032967032967,0.068100358422939,0.445054945054945,0.082437275985663,0.423076923076923,0.0967741935483871
0.461538461538461,0.068100358422939,0.461538461538461,0.068100358422939,0.439560439560439,0.082437275985663,0.417582417582417,0.0967741935483871
0.456043956043956,0.068100358422939,0.456043956043956,0.068100358422939,0.439560439560439,0.078853046594982,0.417582417582417,0.0931899641577061
0.45054945054945,0.068100358422939,0.45054945054945,0.068100358422939,0.434065934065934,0.078853046594982,0.412087912087912,0.0931899641577061
0.45054945054945,0.064516129032258,0.445054945054945,0.068100358422939,0.428571428571428,0.078853046594982,0.412087912087912,0.089605734767025
0.445054945054945,0.064516129032258,0.439560439560439,0.068100358422939,0.423076923076923,0.078853046594982,0.406593406593406,0.089605734767025
0.439560439560439,0.064516129032258,0.434065934065934,0.068100358422939,0.423076923076923,0.075268817204301,0.401098901098901,0.089605734767025
0.434065934065934,0.064516129032258,0.428571428571428,0.068100358422939,0.423076923076923,0.07168458781362,0.395604395604395,0.089605734767025
0.434065934065934,0.060931899641577,0.428571428571428,0.064516129032258,0.417582417582417,0.07168458781362,0.39010989010989,0.089605734767025
0.428571428571428,0.060931899641577,0.423076923076923,0.064516129032258,0.412087912087912,0.07168458781362,0.39010989010989,0.086021505376344
0.423076923076923,0.060931899641577,0.417582417582417,0.064516129032258,0.412087912087912,0.068100358422939,0.384615384615384,0.086021505376344
0.417582417582417,0.060931899641577,0.412087912087912,0.064516129032258,0.412087912087912,0.064516129032258,0.379120879120879,0.086021505376344
0.412087912087912,0.060931899641577,0.406593406593406,0.064516129032258,0.406593406593406,0.064516129032258,0.379120879120879,0.082437275985663
0.412087912087912,0.057347670250896,0.401098901098901,0.064516129032258,0.401098901098901,0.064516129032258,0.373626373626373,0.082437275985663
0.406593406593406,0.057347670250896,0.395604395604395,0.064516129032258,0.395604395604395,0.064516129032258,0.373626373626373,0.078853046594982
0.401098901098901,0.057347670250896,0.395604395604395,0.060931899641577,0.39010989010989,0.064516129032258,0.368131868131868,0.078853046594982
0.395604395604395,0.057347670250896,0.39010989010989,0.060931899641577,0.384615384615384,0.064516129032258,0.362637362637362,0.078853046594982
0.395604395604395,0.053763440860215,0.384615384615384,0.060931899641577,0.379120879120879,0.064516129032258,0.357142857142857,0.078853046594982
0.39010989010989,0.053763440860215,0.379120879120879,0.060931899641577,0.373626373626373,0.064516129032258,0.351648351648351,0.078853046594982
0.384615384615384,0.053763440860215,0.373626373626373,0.060931899641577,0.373626373626373,0.060931899641577,0.346153846153846,0.078853046594982
0.379120879120879,0.053763440860215,0.368131868131868,0.060931899641577,0.368131868131868,0.060931899641577,0.346153846153846,0.075268817204301
0.373626373626373,0.053763440860215,0.368131868131868,0.057347670250896,0.362637362637362,0.060931899641577,0.34065934065934,0.075268817204301
0.368131868131868,0.053763440860215,0.362637362637362,0.057347670250896,0.357142857142857,0.060931899641577,0.335164835164835,0.075268817204301
0.368131868131868,0.050179211469534,0.357142857142857,0.057347670250896,0.351648351648351,0.060931899641577,0.329670329670329,0.075268817204301
0.362637362637362,0.050179211469534,0.351648351648351,0.057347670250896,0.346153846153846,0.060931899641577,0.324175824175824,0.075268817204301
0.357142857142857,0.050179211469534,0.346153846153846,0.057347670250896,0.34065934065934,0.060931899641577,0.318681318681318,0.075268817204301
0.351648351648351,0.050179211469534,0.346153846153846,0.053763440860215,0.335164835164835,0.060931899641577,0.318681318681318,0.07168458781362
0.346153846153846,0.050179211469534,0.34065934065934,0.053763440860215,0.329670329670329,0.060931899641577,0.318681318681318,0.068100358422939
0.34065934065934,0.050179211469534,0.335164835164835,0.053763440860215,0.324175824175824,0.060931899641577,0.318681318681318,0.064516129032258
0.335164835164835,0.050179211469534,0.329670329670329,0.053763440860215,0.318681318681318,0.060931899641577,0.313186813186813,0.064516129032258
0.329670329670329,0.050179211469534,0.324175824175824,0.053763440860215,0.313186813186813,0.060931899641577,0.307692307692307,0.064516129032258
0.324175824175824,0.050179211469534,0.318681318681318,0.053763440860215,0.307692307692307,0.060931899641577,0.302197802197802,0.064516129032258
0.318681318681318,0.050179211469534,0.313186813186813,0.053763440860215,0.307692307692307,0.057347670250896,0.296703296703296,0.064516129032258
0.313186813186813,0.050179211469534,0.313186813186813,0.050179211469534,0.302197802197802,0.057347670250896,0.291208791208791,0.064516129032258
0.313186813186813,0.046594982078853,0.307692307692307,0.050179211469534,0.302197802197802,0.053763440860215,0.285714285714285,0.064516129032258
0.307692307692307,0.046594982078853,0.307692307692307,0.046594982078853,0.296703296703296,0.053763440860215,0.28021978021978,0.064516129032258
0.307692307692307,0.043010752688172,0.302197802197802,0.046594982078853,0.291208791208791,0.053763440860215,0.274725274725274,0.064516129032258
0.302197802197802,0.043010752688172,0.296703296703296,0.046594982078853,0.285714285714285,0.053763440860215,0.274725274725274,0.060931899641577
0.296703296703296,0.043010752688172,0.296703296703296,0.043010752688172,0.28021978021978,0.053763440860215,0.269230769230769,0.060931899641577
0.291208791208791,0.043010752688172,0.291208791208791,0.043010752688172,0.28021978021978,0.050179211469534,0.263736263736263,0.060931899641577
0.285714285714285,0.043010752688172,0.291208791208791,0.039426523297491,0.28021978021978,0.046594982078853,0.258241758241758,0.060931899641577
0.28021978021978,0.043010752688172,0.285714285714285,0.039426523297491,0.274725274725274,0.046594982078853,0.258241758241758,0.057347670250896
0.274725274725274,0.043010752688172,0.28021978021978,0.039426523297491,0.269230769230769,0.046594982078853,0.252747252747252,0.057347670250896
0.269230769230769,0.043010752688172,0.274725274725274,0.039426523297491,0.269230769230769,0.043010752688172,0.247252747252747,0.057347670250896
0.263736263736263,0.043010752688172,0.269230769230769,0.039426523297491,0.263736263736263,0.043010752688172,0.241758241758241,0.057347670250896
0.258241758241758,0.043010752688172,0.263736263736263,0.039426523297491,0.258241758241758,0.043010752688172,0.241758241758241,0.053763440860215
0.252747252747252,0.043010752688172,0.258241758241758,0.039426523297491,0.252747252747252,0.043010752688172,0.236263736263736,0.053763440860215
0.252747252747252,0.039426523297491,0.252747252747252,0.039426523297491,0.247252747252747,0.043010752688172,0.23076923076923,0.053763440860215
0.247252747252747,0.039426523297491,0.247252747252747,0.039426523297491,0.241758241758241,0.043010752688172,0.23076923076923,0.050179211469534
0.241758241758241,0.039426523297491,0.241758241758241,0.039426523297491,0.236263736263736,0.043010752688172,0.23076923076923,0.046594982078853
0.241758241758241,0.03584229390681,0.236263736263736,0.039426523297491,0.23076923076923,0.043010752688172,0.225274725274725,0.046594982078853
0.241758241758241,0.032258064516129,0.236263736263736,0.03584229390681,0.225274725274725,0.043010752688172,0.219780219780219,0.046594982078853
0.241758241758241,0.028673835125448,0.23076923076923,0.03584229390681,0.219780219780219,0.043010752688172,0.214285714285714,0.046594982078853
0.241758241758241,0.025089605734767,0.225274725274725,0.03584229390681,0.214285714285714,0.043010752688172,0.214285714285714,0.043010752688172
0.241758241758241,0.021505376344086,0.219780219780219,0.03584229390681,0.208791208791208,0.043010752688172,0.214285714285714,0.039426523297491
0.236263736263736,0.021505376344086,0.214285714285714,0.03584229390681,0.203296703296703,0.043010752688172,0.208791208791208,0.039426523297491
0.236263736263736,0.017921146953405,0.208791208791208,0.03584229390681,0.197802197802197,0.043010752688172,0.203296703296703,0.039426523297491
0.23076923076923,0.017921146953405,0.208791208791208,0.032258064516129,0.197802197802197,0.039426523297491,0.197802197802197,0.039426523297491
0.225274725274725,0.017921146953405,0.208791208791208,0.028673835125448,0.192307692307692,0.039426523297491,0.197802197802197,0.03584229390681
0.219780219780219,0.017921146953405,0.203296703296703,0.028673835125448,0.192307692307692,0.03584229390681,0.192307692307692,0.03584229390681
0.214285714285714,0.017921146953405,0.203296703296703,0.025089605734767,0.192307692307692,0.032258064516129,0.186813186813186,0.03584229390681
0.208791208791208,0.017921146953405,0.203296703296703,0.021505376344086,0.192307692307692,0.028673835125448,0.181318681318681,0.03584229390681
0.203296703296703,0.017921146953405,0.197802197802197,0.021505376344086,0.186813186813186,0.028673835125448,0.175824175824175,0.03584229390681
0.197802197802197,0.017921146953405,0.192307692307692,0.021505376344086,0.181318681318681,0.028673835125448,0.17032967032967,0.03584229390681
0.192307692307692,0.017921146953405,0.192307692307692,0.017921146953405,0.181318681318681,0.025089605734767,0.164835164835164,0.03584229390681
0.192307692307692,0.014336917562724,0.192307692307692,0.014336917562724,0.181318681318681,0.021505376344086,0.159340659340659,0.03584229390681
0.186813186813186,0.014336917562724,0.186813186813186,0.014336917562724,0.175824175824175,0.021505376344086,0.153846153846153,0.03584229390681
0.181318681318681,0.014336917562724,0.186813186813186,0.010752688172043,0.17032967032967,0.021505376344086,0.148351648351648,0.03584229390681
0.175824175824175,0.014336917562724,0.181318681318681,0.010752688172043,0.17032967032967,0.017921146953405,0.142857142857142,0.03584229390681
0.175824175824175,0.010752688172043,0.175824175824175,0.010752688172043,0.164835164835164,0.017921146953405,0.142857142857142,0.032258064516129
0.17032967032967,0.010752688172043,0.175824175824175,0.007168458781362,0.159340659340659,0.017921146953405,0.142857142857142,0.028673835125448
0.17032967032967,0.007168458781362,0.17032967032967,0.007168458781362,0.153846153846153,0.017921146953405,0.142857142857142,0.025089605734767
0.164835164835164,0.007168458781362,0.164835164835164,0.007168458781362,0.153846153846153,0.014336917562724,0.142857142857142,0.021505376344086
0.159340659340659,0.007168458781362,0.159340659340659,0.007168458781362,0.148351648351648,0.014336917562724,0.137362637362637,0.021505376344086
0.153846153846153,0.007168458781362,0.153846153846153,0.007168458781362,0.148351648351648,0.010752688172043,0.131868131868131,0.021505376344086
0.148351648351648,0.007168458781362,0.148351648351648,0.007168458781362,0.148351648351648,0.007168458781362,0.131868131868131,0.017921146953405
0.142857142857142,0.007168458781362,0.142857142857142,0.007168458781362,0.142857142857142,0.007168458781362,0.126373626373626,0.017921146953405
0.137362637362637,0.007168458781362,0.142857142857142,0.003584229390681,0.137362637362637,0.007168458781362,0.12087912087912,0.017921146953405
0.131868131868131,0.007168458781362,0.137362637362637,0.003584229390681,0.131868131868131,0.007168458781362,0.12087912087912,0.014336917562724
0.126373626373626,0.007168458781362,0.131868131868131,0.003584229390681,0.126373626373626,0.007168458781362,0.12087912087912,0.010752688172043
0.12087912087912,0.007168458781362,0.126373626373626,0.003584229390681,0.12087912087912,0.007168458781362,0.115384615384615,0.010752688172043
0.115384615384615,0.007168458781362,0.12087912087912,0.003584229390681,0.12087912087912,0.003584229390681,0.115384615384615,0.007168458781362
0.109890109890109,0.007168458781362,0.115384615384615,0.003584229390681,0.115384615384615,0.003584229390681,0.115384615384615,0.003584229390681
0.104395604395604,0.007168458781362,0.109890109890109,0.003584229390681,0.109890109890109,0.003584229390681,0.109890109890109,0.003584229390681
0.0989010989010989,0.007168458781362,0.104395604395604,0.003584229390681,0.104395604395604,0.003584229390681,0.104395604395604,0.003584229390681
0.0934065934065934,0.007168458781362,0.0989010989010989,0.003584229390681,0.0989010989010989,0.003584229390681,0.0989010989010989,0.003584229390681
0.0879120879120879,0.007168458781362,0.0934065934065934,0.003584229390681,0.0934065934065934,0.003584229390681,0.0934065934065934,0.003584229390681
0.0824175824175824,0.007168458781362,0.0879120879120879,0.003584229390681,0.0879120879120879,0.003584229390681,0.0879120879120879,0.003584229390681
0.0769230769230769,0.007168458781362,0.0824175824175824,0.003584229390681,0.0824175824175824,0.003584229390681,0.0824175824175824,0.003584229390681
0.0714285714285714,0.007168458781362,0.0769230769230769,0.003584229390681,0.0769230769230769,0.003584229390681,0.0824175824175824,0
0.0659340659340659,0.007168458781362,0.0714285714285714,0.003584229390681,0.0714285714285714,0.003584229390681,0.0769230769230769,0
0.0604395604395604,0.007168458781362,0.0659340659340659,0.003584229390681,0.0659340659340659,0.003584229390681,0.0714285714285714,0
0.0549450549450549,0.007168458781362,0.0604395604395604,0.003584229390681,0.0604395604395604,0.003584229390681,0.0659340659340659,0
0.0494505494505494,0.007168458781362,0.0549450549450549,0.003584229390681,0.0549450549450549,0.003584229390681,0.0604395604395604,0
0.0439560439560439,0.007168458781362,0.0494505494505494,0.003584229390681,0.0494505494505494,0.003584229390681,0.0549450549450549,0
0.0439560439560439,0.003584229390681,0.0439560439560439,0.003584229390681,0.0439560439560439,0.003584229390681,0.0494505494505494,0
0.0384615384615384,0.003584229390681,0.0384615384615384,0.003584229390681,0.0384615384615384,0.003584229390681,0.0439560439560439,0
0.0329670329670329,0.003584229390681,0.0329670329670329,0.003584229390681,0.0329670329670329,0.003584229390681,0.0384615384615384,0
0.0274725274725274,0.003584229390681,0.0274725274725274,0.003584229390681,0.0274725274725274,0.003584229390681,0.0329670329670329,0
0.0219780219780219,0.003584229390681,0.0219780219780219,0.003584229390681,0.0219780219780219,0.003584229390681,0.0274725274725274,0
0.0164835164835164,0.003584229390681,0.0164835164835164,0.003584229390681,0.0164835164835164,0.003584229390681,0.0219780219780219,0
0.0109890109890109,0.003584229390681,0.0109890109890109,0.003584229390681,0.0109890109890109,0.003584229390681,0.0164835164835164,0
0.00549450549450549,0.003584229390681,0.00549450549450549,0.003584229390681,0.00549450549450549,0.003584229390681,0.0109890109890109,0
0.00549450549450549,0,0.00549450549450549,0,0.00549450549450549,0,0.00549450549450549,0
