1,0.20595969242697898
2,0.19868091528486648
3,0.19510169210627343
4,0.19297507888110424
5,0.19152555697770393
6,0.19043779982785478
7,0.18956547799245657
8,0.1888329904459275
9,0.18819778619975394
10,0.187634195867941
11,0.18712580994728092
12,0.18666160156080083
13,0.18623382860169163
14,0.18583683976715393
15,0.18546636563209343
16,0.18511908211749994
17,0.184792332885647
18,0.1844839475271537
19,0.18419211914823103
20,0.18391531974274047
21,0.1836522401740222
22,0.18340174655101987
23,0.18316284776876876
24,0.18293467081884196
25,0.18271644162512785
26,0.18250746989295089
27,0.1823071369340491
28,0.1821148857420121
29,0.18193021280140026
30,0.18175266125534964
31,0.18158181515417454
32,0.18141729457601194
33,0.1812587514594868
34,0.18110586602382384
35,0.18095834367808228
36,0.18081591234079686
37,0.18067832010635723
38,0.18054533320597801
39,0.18041673422031235
40,0.1802923205079006
41,0.18017190281952356
42,0.1800553040732186
43,0.1799423582685815
44,0.17983290952218522
45,0.1797268112085824
46,0.17962392519357617
47,0.1795241211483268
48,0.17942727593441873
49,0.1793332730513413
50,0.179242002139008
51,0.17915335852887085
52,0.179067242838037
53,0.1789835606015219
54,0.17890222193834454
55,0.1788231412477699
56,0.1787462369323845
57,0.17867143114515888
58,0.17859864955794977
59,0.17852782114921498
60,0.1784588780089762
61,0.17839175515927816
62,0.17832639038862316
63,0.17826272409899804
64,0.1782006991642907
65,0.17814026079901385
66,0.17808135643637518
67,0.17802393561485527
68,0.17796794987249825
69,0.17791335264826622
70,0.17786009918981824
71,0.17780814646719
72,0.17775745309185947
73,0.17770797924076664
74,0.17765968658490575
75,0.17761253822208584
76,0.17756649861358842
77,0.1775215335243861
78,0.17747760996668316
79,0.17743469614652022
80,0.1773927614132333
81,0.1773517762115665
82,0.17731171203624868
83,0.17727254138888215
84,0.17723423773697577
85,0.17719677547499427
86,0.17716012988729907
87,0.17712427711284398
88,0.1770891941115504
89,0.17705485863222467
90,0.17702124918195927
91,0.17698834499691865
92,0.17695612601442193
93,0.17692457284627358
94,0.17689366675325424
95,0.17686338962071277
96,0.1768337239352146
97,0.17680465276217136
98,0.17677615972442312
99,0.17674822898170045
100,0.17672084521095158
101,0.17669399358746202
102,0.17666765976675633
103,0.17664182986721866
104,0.17661649045342948
105,0.17659162852014146
106,0.17656723147692252
107,0.17654328713336961
108,0.17651978368493076
109,0.1764967096992628
110,0.17647405410312403
111,0.17645180616976783
112,0.17642995550682478
113,0.17640849204464482
114,0.17638740602508338
115,0.17636668799071456
116,0.17634632877443798
117,0.1763263194894991
118,0.17630665151985664
119,0.17628731651093169
120,0.17626830636068447
121,0.1762496132110238
122,0.1762312294395429
123,0.1762131476515465
124,0.17619536067237757
125,0.17617786154001838
126,0.176160643497971
127,0.17614369998837856
128,0.17612702464541674
129,0.17611061128890818
130,0.1760944539181705
131,0.1760785467060887
132,0.1760628839933936
133,0.17604746028315346
134,0.1760322702354481
135,0.1760173086622495
136,0.176002570522466
137,0.175988050917179
138,0.17597374508502686
139,0.17595964839777511
140,0.17594575635602192
141,0.1759320645850655
142,0.17591856883091095
143,0.17590526495641695
144,0.17589214893757968
145,0.17587921685993735
146,0.17586646491511262
147,0.17585388939745858
148,0.17584148670083363
149,0.17582925331547922
150,0.1758171858250084
151,0.17580528090349343
152,0.17579353531266165
153,0.1757819458991718
154,0.1757705095920025
155,0.17575922339990943
156,0.17574808440898526
157,0.17573708978028876
158,0.1757262367475638
159,0.1757155226150283
160,0.17570494475524098
161,0.17569450060704148
162,0.1756841876735474
163,0.1756740035202386
164,0.1756639457730857
165,0.1756540121167485
166,0.17564420029283825
167,0.17563450809822853
168,0.1756249333834298
169,0.17561547405101188
170,0.17560612805408118
171,0.17559689339480172
172,0.17558776812297847
173,0.1755787503346681
174,0.17556983817085198
175,0.17556102981613886
176,0.17555232349751787
177,0.17554371748314906
178,0.17553521008118955
179,0.1755267996386657
180,0.17551848454037242
181,0.17551026320781246
182,0.17550213409816817
183,0.1754940957033042
184,0.1754861465488098
185,0.17547828519305655
186,0.17547051022630036
187,0.17546282026980636
188,0.17545521397499522
189,0.17544769002262617
190,0.17544024712200068
191,0.17543288401018578
192,0.17542559945127573
193,0.17541839223566036
194,0.17541126117932532
195,0.17540420512317179
196,0.17539722293235596
197,0.1753903134956519
198,0.17538347572482824
199,0.1753767085540502
200,0.17537001093929544
201,0.1753633818577883
202,0.17535682030745173
203,0.17535032530637604
204,0.17534389589230254
205,0.1753375311221229
206,0.17533123007139392
207,0.17532499183386754
208,0.17531881552103018
209,0.17531270026166187
210,0.17530664520140637
211,0.17530064950234917
212,0.1752947123426152
213,0.17528883291597291
214,0.17528301043145159
215,0.17527724411297224
216,0.1752715331989818
217,0.17526587694210813
218,0.1752602746088154
219,0.17525472547907617
220,0.17524922884604702
221,0.17524378401576052
222,0.17523839030681632
223,0.1752330470500922
224,0.17522775358845274
225,0.17522250927647287
226,0.17521731348016836
227,0.17521216557672672
228,0.1752070649542606
229,0.17520201101154914
230,0.1751970031578025
231,0.1751920408124233
232,0.175187123404779
233,0.17518225037397758
234,0.1751774211686504
235,0.17517263524674537
236,0.17516789207531483
237,0.1751631911303221
238,0.17515853189644234
239,0.1751539138668784
240,0.17514933654316844
241,0.17514479943501376
242,0.17514030206010486
243,0.1751358439439412
244,0.17513142461967854
245,0.17512704362795653
246,0.1751227005167518
247,0.1751183948412116
248,0.1751141261635189
249,0.17510989405273675
250,0.17510569808466894
251,0.17510153784172652
252,0.17509741291278577
253,0.17509332289306148
254,0.17508926738397906
255,0.17508524599304864
256,0.1750812583337419
257,0.17507730402537577
258,0.1750733826929961
259,0.1750694939672639
260,0.17506563748434695
261,0.1750618128858092
262,0.17505801981850871
263,0.175054257934495
264,0.17505052689090767
265,0.1750468263498797
266,0.17504315597844394
267,0.17503951544843785
268,0.1750359044364133
269,0.17503232262354848
270,0.17502876969556175
271,0.175025245342626
272,0.17502174925928798
273,0.1750182811443858
274,0.17501484070097156
275,0.17501142763623356
276,0.17500804166142167
277,0.17500468249177273
278,0.1750013498464425
279,0.17499804344842934
280,0.1749947630245103
281,0.17499150830517457
282,0.17498827902455313
283,0.1749850749203595
284,0.1749818957338249
285,0.17497874120963766
286,0.17497561109588256
287,0.17497250514398133
288,0.17496942310864003
289,0.17496636474778343
290,0.17496332982251092
291,0.17496031809703705
292,0.1749573293386383
293,0.17495436331760408
294,0.174951419807185
295,0.174948498583542
296,0.17494559942570312
297,0.17494272211551176
298,0.1749398664375802
299,0.17493703217924697
300,0.1749342191305312
301,0.17493142708408857
302,0.17492865583516967
303,0.1749259051815774
304,0.17492317492362658
305,0.17492046486410467
306,0.17491777480822912
307,0.1749151045636147
308,0.17491245394023067
309,0.17490982275036754
310,0.1749072108085944
311,0.17490461793173492
312,0.17490204393881897
313,0.17489948865106042
314,0.1748969518918137
315,0.17489443348655181
316,0.17489193326282082
317,0.17488945105022197
318,0.17488698668037012
319,0.1748845399868697
320,0.1748821108052805
321,0.17487969897309483
322,0.1748773043297001
323,0.17487492671635715
324,0.1748725659761714
325,0.17487022195406485
326,0.17486789449674903
327,0.17486558345269948
328,0.1748632886721313
329,0.1748610100069727
330,0.1748587473108384
331,0.17485650043901133
332,0.1748542692484114
333,0.1748520535975771
334,0.17484985334664183
335,0.17484766835730797
336,0.17484549849283007
337,0.17484334361799003
338,0.17484120359907376
339,0.1748390783038555
340,0.1748369676015708
341,0.17483487136290238
342,0.17483278945995617
343,0.17483072176624265
344,0.17482866815665885
345,0.17482662850746714
346,0.17482460269627717
347,0.17482259060203192
348,0.17482059210498355
349,0.17481860708667743
350,0.17481663542993786
351,0.1748146770188477
352,0.17481273173873202
353,0.17481079947614425
354,0.1748088801188479
355,0.17480697355579608
356,0.1748050796771265
357,0.17480319837413633
358,0.1748013295392692
359,0.17479947306610602
360,0.17479762884934355
361,0.17479579678478097
362,0.1747939767693067
363,0.1747921687008883
364,0.17479037247854984
365,0.17478858800236854
366,0.17478681517345182
367,0.17478505389393087
368,0.17478330406694526
369,0.17478156559663038
370,0.1747798383881042
371,0.17477812234745788
372,0.17477641738173574
373,0.17477472339893757
374,0.17477304030799246
375,0.17477136801875237
376,0.17476970644198425
377,0.17476805548935545
378,0.17476641507342275
379,0.17476478510762006
380,0.1747631655062515
381,0.17476155618447853
382,0.17475995705830794
383,0.17475836804458636
384,0.17475678906098394
385,0.17475522002599053
386,0.17475366085890084
387,0.1747521114798081
388,0.17475057180959172
389,0.17474904176991138
390,0.17474752128319487
391,0.17474601027262923
392,0.17474450866215568
393,0.17474301637645379
394,0.17474153334093748
395,0.1747400594817483
396,0.17473859472573877
397,0.17473713900047616
398,0.174735692234222
399,0.17473425435593168
400,0.17473282529524475
401,0.17473140498247375
402,0.1747299933486046
403,0.1747285903252753
404,0.1747271958447855
405,0.17472580984007346
406,0.1747244322447187
407,0.17472306299292933
408,0.17472170201953885
409,0.1747203492599957
410,0.17471900465035947
411,0.17471766812728912
412,0.17471633962804237
413,0.17471501909046694
414,0.17471370645298964
415,0.1747124016546134
416,0.17471110463491432
417,0.17470981533402988
418,0.17470853369265316
419,0.17470725965203093
420,0.17470599315395227
421,0.17470473414074583
422,0.17470348255527327
423,0.17470223834092494
424,0.17470100144160888
425,0.17469977180175192
426,0.17469854936628906
427,0.17469733408066196
428,0.1746961258908065
429,0.17469492474315867
430,0.17469373058463614
431,0.17469254336264453
432,0.17469136302506486
433,0.17469018952025184
434,0.17468902279702697
435,0.17468786280467485
436,0.1746867094929377
437,0.17468556281200898
438,0.17468442271253412
439,0.17468328914559714
440,0.1746821620627245
441,0.17468104141587312
442,0.1746799271574327
443,0.1746788192402153
444,0.17467771761745468
445,0.17467662224279923
446,0.17467553307031172
447,0.17467445005445897
448,0.17467337315011247
449,0.17467230231254344
450,0.174671237497417
451,0.17467017866079004
452,0.17466912575910254
453,0.17466807874918183
454,0.17466703758823132
455,0.17466600223383175
456,0.1746649726439307
457,0.17466394877684568
458,0.17466293059125845
459,0.1746619180462093
460,0.17466091110109574
461,0.17465990971566375
462,0.17465891385001517
463,0.17465792346459108
464,0.17465693852017675
465,0.17465595897789768
466,0.17465498479921135
467,0.17465401594590765
468,0.17465305238010695
469,0.17465209406425272
470,0.1746511409611099
471,0.17465019303376375
472,0.17464925024561348
473,0.17464831256037175
474,0.1746473799420579
475,0.17464645235500195
476,0.17464552976383282
477,0.17464461213348123
478,0.17464369942917538
479,0.17464279161643576
480,0.1746418886610768
481,0.17464099052919885
482,0.17464009718719103
483,0.1746392086017223
484,0.1746383247397435
485,0.17463744556848101
486,0.17463657105543653
487,0.17463570116838667
488,0.1746348358753724
489,0.17463397514470513
490,0.17463311894495775
491,0.1746322672449685
492,0.17463142001382967
493,0.17463057722089373
494,0.17462973883576619
495,0.1746289048283043
496,0.17462807516861495
497,0.17462724982705075
498,0.17462642877420928
499,0.17462561198093085
500,0.17462479941829512
