1,0.33218220699216217
2,0.29368760496329693
3,0.2696889744189195
4,0.2547150067569225
5,0.24535954857343328
6,0.23950210434413832
7,0.23582256207131316
8,0.23349908679536627
9,0.2320200448602383
10,0.23106691777548966
11,0.23044141049673142
12,0.23002007284460887
13,0.22972604916811393
14,0.22951149115897831
15,0.22934660898746498
16,0.22921285511065476
17,0.22909868086698262
18,0.22899689475319798
19,0.2289030178252676
20,0.22881425985656678
21,0.2287288819472075
22,0.2286457997176469
23,0.2285643362775399
24,0.22848406843682953
25,0.22840473096459651
26,0.22832615698542438
27,0.228248240873082
28,0.22817091514987237
29,0.22809413610519116
30,0.22801787484218922
31,0.2279421117037115
32,0.22786683280199094
33,0.22779202785802988
34,0.22771768885633417
35,0.22764380920723826
36,0.22757038322523204
37,0.2274974058040268
38,0.22742487221408805
39,0.22735277797641418
40,0.22728111878379945
41,0.22720989045163506
42,0.22713908888711934
43,0.22706871006992912
44,0.22699875004001532
45,0.22692920488985222
46,0.22686007075944276
47,0.22679134383306063
48,0.22672302033706349
49,0.22665509653837337
50,0.22658756874338298
51,0.22652043329711888
52,0.22645368658257722
53,0.2263873250201533
54,0.2263213450671533
55,0.226255743217329
56,0.2261905160004636
57,0.22612565998195494
58,0.2260611717624299
59,0.22599704797735584
60,0.22593328529666315
61,0.22586988042439046
62,0.22580683009830038
63,0.2257441310895338
64,0.22568178020224797
65,0.2256197742732748
66,0.22555811017176358
67,0.2254967847988453
68,0.22543579508728942
69,0.22537513800117503
70,0.2253148105355483
71,0.22525480971610795
72,0.22519513259886784
73,0.225135776269846
74,0.22507673784474205
75,0.2250180144686208
76,0.22495960331560927
77,0.22490150158858477
78,0.22484370651886748
79,0.22478621536592527
80,0.2247290254170747
81,0.2246721339871871
82,0.2246155384183919
83,0.22455923607979772
84,0.2245032243672021
85,0.2244475007028097
86,0.22439206253495375
87,0.22433690733782177
88,0.2242820326111807
89,0.22422743588011113
90,0.2241731146947344
91,0.22411906662994951
92,0.22406528928517885
93,0.22401178028410218
94,0.22395853727440118
95,0.22390555792751235
96,0.22385283993836885
97,0.2238003810251623
98,0.22374817892908858
99,0.22369623141411157
100,0.22364453626672118
101,0.223593091295699
102,0.22354189433187988
103,0.2234909432279195
104,0.2234402358580718
105,0.22338977011795363
106,0.22333954392432595
107,0.22328955521486757
108,0.2232398019479595
109,0.22319028210246367
110,0.22314099367750695
111,0.22309193469227775
112,0.22304310318580017
113,0.22299449721674097
114,0.22294611486319132
115,0.2228979542224732
116,0.22285001341092664
117,0.22280229056372472
118,0.22275478383465983
119,0.22270749139596072
120,0.2226604114380936
121,0.22261354216957618
122,0.22256688181678036
123,0.22252042862375276
124,0.222474180852028
125,0.22242813678043744
126,0.22238229470494664
127,0.22233665293845561
128,0.2222912098106371
129,0.22224596366775032
130,0.22220091287247523
131,0.22215605580373718
132,0.22211139085653794
133,0.22206691644178927
134,0.2220226309861413
135,0.22197853293182554
136,0.22193462073649017
137,0.22189089287303645
138,0.22184734782945714
139,0.22180398410869046
140,0.22176080022845004
141,0.22171779472108338
142,0.22167496613341042
143,0.2216323130265759
144,0.22158983397589857
145,0.22154752757073176
146,0.22150539241430311
147,0.22146342712358147
148,0.22142163032912962
149,0.22138000067496458
150,0.22133853681841442
151,0.221297237429984
152,0.2212561011932114
153,0.22121512680454355
154,0.2211743129731901
155,0.22113365842100038
156,0.22109316188232642
157,0.22105282210389188
158,0.22101263784467184
159,0.2209726078757567
160,0.22093273098022956
161,0.22089300595304764
162,0.22085343160090795
163,0.22081400674213478
164,0.2207747302065579
165,0.22073560083538607
166,0.22069661748110053
167,0.22065777900732728
168,0.2206190842887338
169,0.22058053221089965
170,0.22054212167021717
171,0.22050385157377533
172,0.2204657208392438
173,0.22042772839477076
174,0.22038987317887238
175,0.22035215414032253
176,0.22031457023805232
177,0.22027712044104014
178,0.22023980372821306
179,0.22020261908833683
180,0.2201655655199239
181,0.2201286420311259
182,0.22009184763963416
183,0.22005518137258814
184,0.22001864226646994
185,0.21998222936701067
186,0.21994594172910176
187,0.21990977841668682
188,0.21987373850268646
189,0.21983782106888689
190,0.2198020252058657
191,0.21976635001288888
192,0.21973079459782788
193,0.21969535807707052
194,0.2196600395754338
195,0.21962483822607456
196,0.21958975317040555
197,0.2195547835580112
198,0.21951992854656455
199,0.21948518730174363
200,0.21945055899714527
201,0.21941604281421173
202,0.2193816379421448
203,0.21934734357782648
204,0.2193131589257435
205,0.2192790831979065
206,0.21924511561377513
207,0.21921125540017927
208,0.21917750179124632
209,0.21914385402832717
210,0.21911031135991554
211,0.21907687304158752
212,0.21904353833591636
213,0.2190103065124082
214,0.2189771768474296
215,0.21894414862413983
216,0.21891122113241715
217,0.21887839366879172
218,0.21884566553638257
219,0.21881303604482374
220,0.21878050451020062
221,0.21874807025498516
222,0.2187157326079719
223,0.2186834909042098
224,0.21865134448494303
225,0.2186192926975397
226,0.21858733489544477
227,0.2185554704381024
228,0.21852369869090238
229,0.21849201902512466
230,0.218460430817868
231,0.21842893345199968
232,0.21839752631609424
233,0.21836620880437602
234,0.21833498031666146
235,0.2183038402583004
236,0.21827278804012892
237,0.21824182307839946
238,0.2182109447947367
239,0.2181801526160836
240,0.21814944597463978
241,0.2181188243078136
242,0.2180882870581723
243,0.21805783367338208
244,0.2180274636061646
245,0.217997176314239
246,0.21796697126027872
247,0.21793684791185428
248,0.21790680574138935
249,0.21787684422610865
250,0.2178469628479928
251,0.21781716109372487
252,0.21778743845465132
253,0.21775779442672455
254,0.21772822851046839
255,0.21769874021092298
256,0.21766932903760203
257,0.21763999450445004
258,0.21761073612979556
259,0.2175815534363082
260,0.21755244595095488
261,0.21752341320495583
262,0.21749445473374412
263,0.21746557007691858
264,0.21743675877820895
265,0.21740802038543264
266,0.21737935445044848
267,0.21735076052912217
268,0.21732223818128354
269,0.21729378697068785
270,0.21726540646497436
271,0.21723709623563525
272,0.21720885585796518
273,0.21718068491103407
274,0.2171525829776407
275,0.21712454964428327
276,0.21709658450112002
277,0.21706868714192754
278,0.2170408571640743
279,0.2170130941684739
280,0.21698539775956074
281,0.21695776754524762
282,0.2169302031368947
283,0.216902704149272
284,0.21687527020052935
285,0.21684790091216116
286,0.21682059590897154
287,0.2167933548190446
288,0.21676617727371092
289,0.2167390629075144
290,0.21671201135817908
291,0.21668502226658254
292,0.21665809527672225
293,0.21663123003568063
294,0.2166044261936016
295,0.2165776834036548
296,0.21655100132201024
297,0.21652437960780255
298,0.21649781792311118
299,0.21647131593291993
300,0.21644487330509798
301,0.2164184897103663
302,0.2163921648222724
303,0.21636589831715802
304,0.21633968987413765
305,0.2163135391750662
306,0.21628744590451626
307,0.21626140974974958
308,0.21623543040068674
309,0.21620950754989005
310,0.21618364089252898
311,0.2161578301263579
312,0.2161320749516939
313,0.21610637507138614
314,0.2160807301907956
315,0.21605514001776596
316,0.21602960426260648
317,0.21600412263805838
318,0.2159786948592797
319,0.21595332064381728
320,0.2159279997115836
321,0.21590273178483574
322,0.21587751658815044
323,0.2158523538484052
324,0.21582724329474767
325,0.21580218465858372
326,0.21577717767355048
327,0.21575222207549255
328,0.21572731760244612
329,0.2157024639946103
330,0.21567766099433663
331,0.2156529083460949
332,0.2156282057964669
333,0.21560355309411386
334,0.2155789499897636
335,0.215554396236187
336,0.21552989158818373
337,0.2155054358025522
338,0.2154810286380801
339,0.2154566698555221
340,0.2154323592175801
341,0.21540809648888287
342,0.2153838814359737
343,0.21535971382728442
344,0.21533559343312042
345,0.2153115200256432
346,0.21528749337885525
347,0.21526351326857793
348,0.21523957947243058
349,0.2152156917698247
350,0.2151918499419378
351,0.21516805377169787
352,0.21514430304376747
353,0.21512059754452997
354,0.21509693706206906
355,0.21507332138615246
356,0.21504975030821863
357,0.2150262236213602
358,0.21500274112030618
359,0.21497930260140793
360,0.21495590786262597
361,0.21493255670350817
362,0.21490924892518137
363,0.21488598433033348
364,0.21486276272319735
365,0.21483958390953956
366,0.21481644769664324
367,0.21479335389329335
368,0.21477030230976588
369,0.21474729275781002
370,0.21472432505063496
371,0.21470139900289867
372,0.2146785144306895
373,0.2146556711515187
374,0.21463286898430237
375,0.21461010774934913
376,0.214587387268348
377,0.2145647073643549
378,0.21454206786177915
379,0.21451946858637452
380,0.21449690936521873
381,0.21447439002671012
382,0.2144519104005477
383,0.21442947031772436
384,0.2144070696105125
385,0.21438470811245208
386,0.2143623856583378
387,0.21434010208420987
388,0.21431785722733943
389,0.214295650926222
390,0.21427348302055604
391,0.21425135335124762
392,0.2142292617603821
393,0.21420720809122534
394,0.21418519218820653
395,0.2141632138969099
396,0.2141412730640641
397,0.2141193695375283
398,0.2140975031662893
399,0.21407567380044032
400,0.21405388129118136
401,0.21403212549079928
402,0.21401040625266907
403,0.21398872343123213
404,0.21396707688199207
405,0.2139454664615073
406,0.21392389202737674
407,0.21390235343823322
408,0.21388085055373052
409,0.21385938323453935
410,0.21383795134233313
411,0.2138165547397813
412,0.21379519329053773
413,0.2137738668592386
414,0.21375257531148165
415,0.21373131851382876
416,0.21371009633379137
417,0.21368890863982343
418,0.21366775530130996
419,0.2136466361885642
420,0.21362555117281273
421,0.21360450012619442
422,0.21358348292174287
423,0.21356249943338837
424,0.21354154953594165
425,0.21352063310509012
426,0.2134997500173914
427,0.21347890015025842
428,0.21345808338196023
429,0.21343729959160715
430,0.21341654865915022
431,0.2133958304653655
432,0.213375144891855
433,0.2133544918210324
434,0.21333387113611943
435,0.21331328272113595
436,0.2132927264608993
437,0.2132722022410089
438,0.21325170994784232
439,0.2132312494685496
440,0.2132108206910459
441,0.21319042350400555
442,0.2131700577968519
443,0.21314972345975214
444,0.21312942038361438
445,0.21310914846007598
446,0.21308890758149876
447,0.21306869764096453
448,0.21304851853226617
449,0.21302837014989986
450,0.21300825238906707
451,0.21298816514565677
452,0.21296810831624863
453,0.2129480817981005
454,0.2129280854891496
455,0.21290811928799583
456,0.21288818309391014
457,0.2128682768068135
458,0.2128484003272845
459,0.2128285535565446
460,0.21280873639645365
461,0.21278894874951096
462,0.21276919051884227
463,0.21274946160819688
464,0.21272976192194112
465,0.2127100913650584
466,0.2126904498431348
467,0.21267083726236144
468,0.2126512535295265
469,0.2126316985520056
470,0.2126121722377687
471,0.2125926744953617
472,0.2125732052339057
473,0.21255376436309847
474,0.21253435179320299
475,0.2125149674350412
476,0.21249561119999455
477,0.21247628299999513
478,0.21245698274752312
479,0.21243771035560124
480,0.21241846573779186
481,0.2123992488081868
482,0.2123800594814104
483,0.21236089767261004
484,0.21234176329745166
485,0.21232265627212035
486,0.21230357651330828
487,0.21228452393821517
488,0.21226549846454515
489,0.21224650001049875
490,0.21222752849476972
491,0.21220858383654337
492,0.21218966595549024
493,0.21217077477176002
494,0.21215191020598417
495,0.2121330721792629
496,0.21211426061316926
497,0.2120954754297389
498,0.21207671655147176
499,0.2120579839013243
500,0.21203927740270564
501,0.21202059697947703
502,0.21200194255594434
503,0.21198331405685797
504,0.211964711407404
505,0.2119461345332069
506,0.2119275833603219
507,0.21190905781523048
508,0.21189055782484037
509,0.2118720833164802
510,0.21185363421789485
511,0.211835210457245
512,0.21181681196310045
513,0.21179843866443798
514,0.21178009049064023
515,0.21176176737148844
516,0.21174346923716156
517,0.21172519601823334
518,0.2117069476456679
519,0.2116887240508167
520,0.21167052516541368
521,0.21165235092157847
522,0.2116342012518043
523,0.21161607608896343
524,0.21159797536629735
525,0.2115798990174178
526,0.21156184697630326
527,0.21154381917729212
528,0.21152581555508618
529,0.21150783604474438
530,0.2114898805816778
531,0.21147194910164918
532,0.2114540415407735
533,0.21143615783550762
534,0.2114182979226521
535,0.21140046173935098
536,0.21138264922308178
537,0.21136486031165988
538,0.21134709494323128
539,0.2113293530562713
540,0.21131163458958493
541,0.21129393948229933
542,0.2112762676738624
543,0.2112586191040444
544,0.21124099371293006
545,0.21122339144092012
546,0.21120581222872495
547,0.21118825601736474
548,0.21117072274817036
549,0.21115321236276938
550,0.21113572480310103
551,0.2111182600113961
552,0.21110081793018626
553,0.21108339850229815
554,0.21106600167085296
555,0.21104862737925778
556,0.2110312755712138
557,0.21101394619070094
558,0.21099663918198935
559,0.21097935448962965
560,0.2109620920584475
561,0.21094485183355163
562,0.2109276337603221
563,0.2109104377844141
564,0.2108932638517507
565,0.21087611190852826
566,0.21085898190120567
567,0.21084187377650948
568,0.21082478748142802
569,0.21080772296320888
570,0.21079068016936173
571,0.2107736590476493
572,0.21075665954609257
573,0.21073968161296208
574,0.21072272519678087
575,0.21070579024632302
576,0.21068887671060693
577,0.21067198453889835
578,0.21065511368070428
579,0.21063826408577613
580,0.21062143570410205
581,0.21060462848591155
582,0.21058784238166883
583,0.21057107734207245
584,0.21055433331805448
585,0.21053761026077772
586,0.21052090812163327
587,0.2105042268522412
588,0.21048756640444782
589,0.2104709267303241
590,0.2104543077821611
591,0.21043770951247392
592,0.2104211318739943
593,0.21040457481967567
594,0.21038803830268174
595,0.2103715222763963
596,0.21035502669441464
597,0.21033855151054293
598,0.21032209667879664
599,0.21030566215340107
600,0.21028924788878803
601,0.21027285383959327
602,0.21025647996065955
603,0.21024012620703061
604,0.21022379253395
605,0.21020747889686184
606,0.2101911852514086
607,0.2101749115534292
608,0.21015865775895967
609,0.2101424238242266
610,0.21012620970565118
611,0.21011001535984525
612,0.21009384074361118
613,0.2100776858139397
614,0.21006155052800712
615,0.21004543484317717
616,0.21002933871699933
617,0.2100132621072025
618,0.20999720497169969
619,0.20998116726858618
620,0.20996514895613355
621,0.2099491499927941
622,0.20993317033719594
623,0.20991720994814117
624,0.2099012687846104
625,0.20988534680575335
626,0.20986944397089427
627,0.20985356023952784
628,0.2098376955713159
629,0.20982184992609415
630,0.209806023263861
631,0.20979021554478203
632,0.20977442672918822
633,0.20975865677757544
634,0.2097429056506017
635,0.20972717330908588
636,0.20971145971400904
637,0.2096957648265099
638,0.20968008860788703
639,0.2096644310195961
640,0.20964879202324901
641,0.20963317158061368
642,0.20961756965360973
643,0.20960198620431061
644,0.20958642119494666
645,0.2095708745878929
646,0.20955534634567777
647,0.2095398364309773
648,0.20952434480661897
649,0.20950887143557248
650,0.20949341628095788
651,0.20947797930603945
652,0.20946256047422415
653,0.20944715974906203
654,0.20943177709424826
655,0.2094164124736179
656,0.20940106585114543
657,0.20938573719094702
658,0.20937042645727566
659,0.20935513361452357
660,0.20933985862721813
661,0.20932460146002524
662,0.20930936207774403
663,0.20929414044530634
664,0.2092789365277833
665,0.20926375029037048
666,0.20924858169840105
667,0.2092334307173381
668,0.2092182973127724
669,0.20920318145042616
670,0.20918808309614711
671,0.20917300221591564
672,0.2091579387758339
673,0.20914289274212985
674,0.20912786408116207
675,0.20911285275940839
676,0.209097858743471
677,0.2090828820000746
678,0.20906792249606948
679,0.20905298019842228
680,0.20903805507422263
681,0.2090231470906804
682,0.20900825621512217
683,0.20899338241499538
684,0.20897852565786332
685,0.2089636859114075
686,0.20894886314342365
687,0.20893405732182319
688,0.2089192684146329
689,0.2089044963899955
690,0.20888974121616163
691,0.20887500286149951
692,0.2088602812944874
693,0.2088455764837148
694,0.20883088839788097
695,0.20881621700579533
696,0.20880156227637814
697,0.2087869241786567
698,0.2087723026817656
699,0.20875769775494715
700,0.20874310936755167
701,0.20872853748903528
702,0.20871398208895545
703,0.20869944313697922
704,0.2086849206028752
705,0.2086704144565175
706,0.20865592466787944
707,0.20864145120704017
708,0.2086269940441786
709,0.20861255314957544
710,0.20859812849361117
711,0.20858372004676454
712,0.2085693277796191
713,0.2085549516628514
714,0.2085405916672383
715,0.2085262477636537
716,0.20851191992307072
717,0.20849760811655504
718,0.20848331231527054
719,0.20846903249047652
720,0.2084547686135254
721,0.20844052065586627
722,0.20842628858904189
723,0.20841207238468418
724,0.2083978720145203
725,0.20838368745037175
726,0.20836951866414757
727,0.2083553656278512
728,0.20834122831357457
729,0.20832710669349863
730,0.20831300073989897
731,0.20829891042513216
732,0.2082848357216514
733,0.2082707766019913
734,0.20825673303877937
735,0.20824270500472583
736,0.20822869247263118
737,0.20821469541537893
738,0.2082007138059403
739,0.20818674761736913
740,0.20817279682280704
741,0.20815886139547804
742,0.2081449413086911
743,0.20813103653583567
744,0.20811714705038661
745,0.20810327282590063
746,0.20808941383601773
747,0.2080755700544554
748,0.20806174145501646
749,0.20804792801158173
750,0.2080341296981128
751,0.2080203464886519
752,0.2080065783573199
753,0.2079928252783152
754,0.20797908722591713
755,0.2079653641744811
756,0.20795165609844232
757,0.20793796297231157
758,0.20792428477067645
759,0.20791062146819866
760,0.2078969730396234
761,0.20788333945976295
762,0.20786972070350998
763,0.20785611674582957
764,0.20784252756176208
765,0.20782895312642283
766,0.2078153934150002
767,0.207801848402754
768,0.20778831806501838
769,0.20777480237720117
770,0.207761301314781
771,0.20774781485330682
772,0.2077343429684028
773,0.20772088563576027
774,0.20770744283114367
775,0.20769401453038822
776,0.20768060070939623
777,0.207667201344141
778,0.2076538164106667
779,0.2076404458850844
780,0.20762708974357372
781,0.2076137479623835
782,0.20760042051783054
783,0.20758710738629774
784,0.20757380854423696
785,0.20756052396816468
786,0.2075472536346661
787,0.2075339975203929
788,0.2075207556020587
789,0.20750752785644813
790,0.20749431426040707
791,0.2074811147908461
792,0.20746792942474432
793,0.20745475813914074
794,0.2074416009111391
795,0.20742845771791027
796,0.20741532853668518
797,0.20740221334475822
798,0.20738911211948655
799,0.20737602483828987
800,0.20736295147864994
801,0.20734989201811027
802,0.207336846434276
803,0.20732381470481479
804,0.207310796807451
805,0.20729779271997503
806,0.207284802420234
807,0.2072718258861367
808,0.20725886309564964
809,0.20724591402680123
810,0.2072329786576794
811,0.20722005696642792
812,0.2072071489312501
813,0.20719425453041215
814,0.20718137374223
815,0.2071685065450867
816,0.20715565291741458
817,0.20714281283770836
818,0.20712998628451834
819,0.20711717323645132
820,0.20710437367217135
821,0.20709158757039725
822,0.2070788149099059
823,0.2070660556695279
824,0.2070533098281502
825,0.20704057736471557
826,0.20702785825821932
827,0.20701515248771518
828,0.2070024600323086
829,0.20698978087115835
830,0.20697711498348154
831,0.2069644623485448
832,0.20695182294567016
833,0.20693919675423178
834,0.20692658375365666
835,0.20691398392342675
836,0.20690139724307546
837,0.20688882369218653
838,0.20687626325039868
839,0.20686371589739982
840,0.20685118161293367
841,0.20683866037678778
842,0.20682615216880867
843,0.2068136569688908
844,0.20680117475697735
845,0.20678870551306364
846,0.20677624921719723
847,0.20676380584947307
848,0.20675137539003569
849,0.20673895781908072
850,0.2067265531168537
851,0.20671416126364645
852,0.20670178223980235
853,0.206689416025713
854,0.2066770626018193
855,0.20666472194860774
856,0.20665239404661487
857,0.2066400788764252
858,0.20662777641867205
859,0.20661548665403254
860,0.20660320956323475
861,0.2065909451270518
862,0.20657869332630757
863,0.2065664541418656
864,0.2065542275546418
865,0.20654201354559656
866,0.20652981209573446
867,0.2065176231861112
868,0.20650544679782168
869,0.20649328291201385
870,0.20648113150987188
871,0.20646899257263301
872,0.20645686608157618
873,0.20644475201802434
874,0.20643265036334765
875,0.20642056109895876
876,0.20640848420631394
877,0.2063964196669159
878,0.20638436746230862
879,0.20637232757408278
880,0.20636029998387015
881,0.20634828467334645
882,0.20633628162423173
883,0.20632429081828632
884,0.2063123122373174
885,0.20630034586317217
886,0.20628839167773838
887,0.20627644966295094
888,0.20626451980078514
889,0.20625260207325402
890,0.20624069646241908
891,0.20622880295037913
892,0.20621692151927629
893,0.2062050521512929
894,0.20619319482865348
895,0.20618134953362244
896,0.2061695162485064
897,0.20615769495565162
898,0.20614588563744496
899,0.2061340882763138
900,0.2061223028547258
901,0.2061105293551888
902,0.20609876776024955
903,0.20608701805249638
904,0.20607528021455704
905,0.2060635542290956
906,0.20605184007881902
907,0.20604013774647043
908,0.2060284472148347
909,0.20601676846673508
910,0.20600510148503182
911,0.2059934462526245
912,0.20598180275245087
913,0.20597017096748832
914,0.2059585508807504
915,0.20594694247529022
916,0.20593534573419597
917,0.20592376064059884
918,0.20591218717766135
919,0.20590062532858733
920,0.20588907507661683
921,0.20587753640502648
922,0.20586600929712984
923,0.2058544937362791
924,0.20584298970586176
925,0.20583149718929994
926,0.20582001617005607
927,0.20580854663162532
928,0.20579708855754322
929,0.20578564193137577
930,0.20577420673672958
931,0.20576278295724607
932,0.20575137057659817
933,0.20573996957850083
934,0.20572857994669982
935,0.20571720166497745
936,0.2057058347171507
937,0.2056944790870718
938,0.2056831347586302
939,0.20567180171574528
940,0.20566047994237485
941,0.20564916942250797
942,0.20563787014017362
943,0.20562658207942927
944,0.20561530522436744
945,0.20560403955911843
946,0.20559278506784248
947,0.20558154173473425
948,0.20557030954402383
949,0.2055590884799733
950,0.20554787852687684
951,0.20553667966906713
952,0.20552549189090333
953,0.20551431517678187
954,0.2055031495111307
955,0.20549199487841102
956,0.20548085126311771
957,0.205469718649775
958,0.20545859702294206
959,0.20544748636721094
960,0.2054363866672035
961,0.2054252979075778
962,0.20541422007301724
963,0.20540315314824473
964,0.20539209711801057
965,0.20538105196709736
966,0.20537001768031762
967,0.2053589942425212
968,0.20534798163858242
969,0.20533697985341096
970,0.20532598887194628
971,0.2053150086791579
972,0.20530403926004928
973,0.20529308059965254
974,0.2052821326830305
975,0.20527119549527534
976,0.20526026902151506
977,0.2052493532469015
978,0.20523844815662134
979,0.20522755373589008
980,0.20521666996995028
981,0.20520579684408133
982,0.20519493434358604
983,0.20518408245380002
984,0.20517324116008914
985,0.20516241044784733
986,0.20515159030249827
987,0.2051407807094952
988,0.2051299816543222
989,0.20511919312248889
990,0.2051084150995406
991,0.20509764757104387
992,0.20508689052259776
993,0.20507614393983312
994,0.20506540780840443
995,0.205054682113998
996,0.20504396684232737
997,0.2050332619791342
998,0.20502256751019218
999,0.20501188342129664
1000,0.2050012096982773
1001,0.2049905463269887
1002,0.20497989329331648
1003,0.20496925058316892
1004,0.20495861818248814
1005,0.2049479960772379
1006,0.2049373842534157
1007,0.2049267826970428
1008,0.20491619139416786
1009,0.2049056103308694
1010,0.2048950394932524
1011,0.20488447886744748
1012,0.2048739284396125
1013,0.20486338819593516
1014,0.20485285812262707
1015,0.20484233820592923
1016,0.2048318284321074
1017,0.204821328787454
1018,0.20481083925829033
1019,0.20480035983096273
1020,0.20478989049184307
1021,0.20477943122733194
1022,0.20476898202385346
1023,0.20475854286786133
1024,0.2047481137458324
1025,0.20473769464426927
1026,0.20472728554970637
1027,0.2047168864486956
1028,0.20470649732781956
1029,0.20469611817368555
1030,0.2046857489729282
1031,0.2046753897122061
1032,0.20466504037820168
1033,0.2046547009576255
1034,0.2046443714372143
1035,0.20463405180372726
1036,0.2046237420439491
1037,0.20461344214469038
1038,0.20460315209278854
1039,0.20459287187510278
1040,0.2045826014785186
1041,0.20457234088994708
1042,0.20456209009632376
1043,0.20455184908460822
1044,0.20454161784178346
1045,0.20453139635486092
1046,0.20452118461087254
1047,0.2045109825968757
1048,0.20450079029995358
1049,0.20449060770721061
1050,0.20448043480577932
1051,0.2044702715828139
1052,0.20446011802549266
1053,0.20444997412101842
1054,0.20443983985661712
1055,0.20442971521954
1056,0.20441960019706001
1057,0.20440949477647508
1058,0.20439939894510656
1059,0.20438931269030014
1060,0.20437923599942312
1061,0.20436916885986786
1062,0.2043591112590485
1063,0.20434906318440277
1064,0.2043390246233932
1065,0.20432899556350584
1066,0.20431897599224555
1067,0.20430896589714487
1068,0.20429896526575642
1069,0.20428897408565821
1070,0.20427899234444613
1071,0.2042690200297463
1072,0.20425905712920076
1073,0.20424910363047613
1074,0.20423915952126429
1075,0.20422922478927777
1076,0.2042192994222476
1077,0.20420938340793526
1078,0.204199476734117
1079,0.20418957938859697
1080,0.20417969135919545
1081,0.20416981263375988
1082,0.204159943200159
1083,0.20415008304628127
1084,0.20414023216003901
1085,0.2041303905293661
1086,0.20412055814221744
1087,0.20411073498656815
1088,0.20410092105041974
1089,0.20409111632179194
1090,0.20408132078872582
1091,0.2040715344392851
1092,0.2040617572615548
1093,0.20405198924363877
1094,0.2040422303736683
1095,0.20403248063978946
1096,0.20402274003017262
1097,0.2040130085330091
1098,0.20400328613651095
1099,0.20399357282891212
1100,0.20398386859846313
1101,0.2039741734334434
1102,0.20396448732214664
1103,0.20395481025288792
1104,0.2039451422140077
1105,0.20393548319386118
1106,0.20392583318082844
1107,0.20391619216330925
1108,0.20390656012972136
1109,0.20389693706850684
1110,0.2038873229681244
1111,0.20387771781705535
1112,0.2038681216038004
1113,0.20385853431688392
1114,0.2038489559448433
1115,0.20383938647624328
1116,0.20382982589966336
1117,0.20382027420370738
1118,0.20381073137699549
1119,0.20380119740816863
1120,0.20379167228589085
1121,0.2037821559988406
1122,0.2037726485357216
1123,0.20376314988525257
1124,0.20375366003617434
1125,0.20374417897724678
1126,0.20373470669725047
1127,0.2037252431849819
1128,0.20371578842926188
1129,0.2037063424189282
1130,0.20369690514283542
1131,0.20368747658986366
1132,0.20367805674890602
1133,0.20366864560887793
1134,0.20365924315871314
1135,0.2036498493873663
1136,0.20364046428380647
1137,0.20363108783702802
1138,0.20362172003603835
1139,0.20361236086986748
1140,0.20360301032756434
1141,0.20359366839819326
1142,0.20358433507084117
1143,0.2035750103346118
1144,0.20356569417862638
1145,0.20355638659202832
1146,0.20354708756397658
1147,0.20353779708364916
1148,0.20352851514024128
1149,0.20351924172297073
1150,0.20350997682106944
1151,0.2035007204237899
1152,0.20349147252040184
1153,0.2034822331001936
1154,0.20347300215247283
1155,0.2034637796665627
1156,0.20345456563180517
1157,0.20344536003756306
1158,0.2034361628732134
1159,0.2034269741281545
1160,0.2034177937917992
1161,0.20340862185358086
1162,0.20339945830295078
1163,0.20339030312937373
1164,0.20338115632233866
1165,0.20337201787134784
1166,0.2033628877659212
1167,0.20335376599560015
1168,0.2033446525499379
1169,0.20333554741851065
1170,0.20332645059090565
1171,0.20331736205673684
1172,0.20330828180562538
1173,0.20329920982721733
1174,0.20329014611117202
1175,0.2032810906471687
1176,0.20327204342489996
1177,0.20326300443407944
1178,0.20325397366443596
1179,0.20324495110571572
1180,0.20323593674768345
1181,0.20322693058011815
1182,0.20321793259281729
1183,0.20320894277559562
1184,0.20319996111828248
1185,0.20319098761072868
1186,0.20318202224279677
1187,0.2031730650043684
1188,0.20316411588534117
1189,0.20315517487563362
1190,0.20314624196517125
1191,0.20313731714390673
1192,0.2031284004018024
1193,0.2031194917288404
1194,0.20311059111501648
1195,0.2031016985503462
1196,0.20309281402485976
1197,0.20308393752860376
1198,0.20307506905163938
1199,0.20306620858404853
1200,0.20305735611592582
1201,0.2030485116373814
1202,0.20303967513854462
1203,0.20303084660955809
1204,0.2030220260405842
1205,0.20301321342179685
1206,0.203004408743388
1207,0.20299561199556632
1208,0.20298682316855537
1209,0.2029780422525962
1210,0.20296926923794267
1211,0.202960504114865
1212,0.20295174687365355
1213,0.20294299750461073
1214,0.20293425599805262
1215,0.2029255223443167
1216,0.2029167965337502
1217,0.20290807855671955
1218,0.2028993684036053
1219,0.20289066606480605
1220,0.20288197153073115
1221,0.2028732847918094
1222,0.20286460583848312
1223,0.20285593466121224
1224,0.20284727125046725
1225,0.20283861559674007
1226,0.20282996769053407
1227,0.20282132752236634
1228,0.20281269508277477
1229,0.20280407036230583
1230,0.20279545335152555
1231,0.2027868440410156
1232,0.20277824242136858
1233,0.20276964848319537
1234,0.20276106221712156
1235,0.20275248361378537
1236,0.20274391266384367
1237,0.20273534935796456
1238,0.2027267936868331
1239,0.2027182456411496
1240,0.2027097052116263
1241,0.20270117238899393
1242,0.20269264716399513
1243,0.20268412952738868
1244,0.202675619469946
1245,0.2026671169824572
1246,0.20265862205572177
1247,0.20265013468055715
1248,0.2026416548477953
1249,0.20263318254828216
1250,0.20262471777287655
1251,0.20261626051245252
1252,0.20260781075790177
1253,0.20259936850012472
1254,0.2025909337300408
1255,0.20258250643857947
1256,0.20257408661668885
1257,0.20256567425532898
1258,0.2025572693454738
1259,0.20254887187811263
1260,0.20254048184424697
1261,0.20253209923489537
1262,0.20252372404108748
1263,0.2025153562538686
1264,0.20250699586429857
1265,0.20249864286344954
1266,0.20249029724240844
1267,0.20248195899227636
1268,0.20247362810416722
1269,0.20246530456920975
1270,0.2024569883785479
1271,0.2024486795233362
1272,0.20244037799474385
1273,0.20243208378395547
1274,0.20242379688216983
1275,0.20241551728059504
1276,0.20240724497045734
1277,0.20239897994299486
1278,0.2023907221894591
1279,0.2023824717011153
1280,0.20237422846924238
1281,0.20236599248513384
1282,0.20235776374009298
1283,0.20234954222544066
1284,0.2023413279325101
1285,0.20233312085264663
1286,0.20232492097720856
1287,0.20231672829756953
1288,0.20230854280511484
1289,0.20230036449124517
1290,0.20229219334737158
1291,0.20228402936491877
1292,0.2022758725353287
1293,0.20226772285005115
1294,0.20225958030055016
1295,0.20225144487830524
1296,0.2022433165748081
1297,0.20223519538156187
1298,0.20222708129008443
1299,0.20221897429190494
1300,0.20221087437856683
1301,0.20220278154162788
1302,0.20219469577265384
1303,0.2021866170632308
1304,0.20217854540494842
1305,0.20217048078941752
1306,0.20216242320825786
1307,0.20215437265310146
1308,0.20214632911559507
1309,0.20213829258739613
1310,0.2021302630601761
1311,0.20212224052561886
1312,0.20211422497541978
1313,0.20210621640128992
1314,0.20209821479494944
1315,0.20209022014813188
1316,0.2020822324525834
1317,0.20207425170006474
1318,0.20206627788234802
1319,0.20205831099121466
1320,0.20205035101846222
1321,0.20204239795590026
1322,0.20203445179534718
1323,0.20202651252863935
1324,0.20201858014762067
1325,0.20201065464415024
1326,0.20200273601009833
1327,0.2019948242373472
1328,0.20198691931779
1329,0.20197902124333553
1330,0.20197113000590258
1331,0.20196324559742335
1332,0.20195536800983757
1333,0.20194749723510408
1334,0.20193963326518805
1335,0.20193177609207102
1336,0.20192392570774167
1337,0.20191608210420636
1338,0.2019082452734791
1339,0.20190041520758542
1340,0.2018925918985682
1341,0.20188477533847474
1342,0.2018769655193711
1343,0.20186916243333086
1344,0.20186136607244
1345,0.20185357642879811
1346,0.20184579349451373
1347,0.2018380172617104
1348,0.2018302477225206
1349,0.2018224848690891
1350,0.20181472869357464
1351,0.20180697918814483
1352,0.20179923634497837
1353,0.20179150015626918
1354,0.20178377061421968
1355,0.20177604771104557
1356,0.20176833143897294
1357,0.20176062179024015
1358,0.20175291875709395
1359,0.2017452223317978
1360,0.20173753250662418
1361,0.20172984927385515
1362,0.20172217262578682
1363,0.20171450255472456
1364,0.20170683905298803
1365,0.20169918211290627
1366,0.20169153172681725
1367,0.20168388788707486
1368,0.2016762505860415
1369,0.2016686198160909
1370,0.20166099556960848
1371,0.2016533778389905
1372,0.2016457666166459
1373,0.20163816189499212
1374,0.20163056366646065
1375,0.20162297192349116
1376,0.20161538665853668
1377,0.20160780786405827
1378,0.20160023553253367
1379,0.20159266965644526
1380,0.20158511022829045
1381,0.20157755724057627
1382,0.20157001068582037
1383,0.2015624705565515
1384,0.2015549368453101
1385,0.20154740954464961
1386,0.20153988864712613
1387,0.20153237414531533
1388,0.2015248660318015
1389,0.20151736429917627
1390,0.20150986894004674
1391,0.20150237994702738
1392,0.20149489731274373
1393,0.20148742102983447
1394,0.2014799510909465
1395,0.20147248748873714
1396,0.20146503021587864
1397,0.2014575792650473
1398,0.20145013462893466
1399,0.2014426963002418
1400,0.20143526427167915
1401,0.2014278385359706
1402,0.20142041908584737
1403,0.2014130059140525
1404,0.20140559901333932
1405,0.20139819837647163
1406,0.20139080399622444
1407,0.20138341586538233
1408,0.20137603397674034
1409,0.20136865832310433
1410,0.20136128889728966
1411,0.20135392569212326
1412,0.20134656870044113
1413,0.2013392179150901
1414,0.20133187332892766
1415,0.20132453493482186
1416,0.20131720272564885
1417,0.20130987669429784
1418,0.20130255683366619
1419,0.20129524313666278
1420,0.20128793559620653
1421,0.20128063420522466
1422,0.2012733389566573
1423,0.2012660498434516
1424,0.2012587668585674
1425,0.20125148999497428
1426,0.20124421924565
1427,0.20123695460358468
1428,0.20122969606177776
1429,0.20122244361323643
1430,0.2012151972509821
1431,0.20120795696804122
1432,0.20120072275745382
1433,0.20119349461227024
1434,0.2011862725255471
1435,0.20117905649035472
1436,0.20117184649977002
1437,0.20116464254688163
1438,0.20115744462478852
1439,0.20115025272659914
1440,0.20114306684542915
1441,0.20113588697440693
1442,0.20112871310667121
1443,0.20112154523536643
1444,0.20111438335365128
1445,0.20110722745469226
1446,0.2011000775316644
1447,0.2010929335777539
1448,0.20108579558615533
1449,0.20107866355007528
1450,0.20107153746272682
1451,0.20106441731733474
1452,0.2010573031071331
1453,0.20105019482536501
1454,0.2010430924652848
1455,0.20103599602015038
1456,0.20102890548323832
1457,0.20102182084782833
1458,0.20101474210721082
1459,0.2010076692546867
1460,0.20100060228356478
1461,0.20099354118716614
1462,0.20098648595881569
1463,0.20097943659185544
1464,0.20097239307962955
1465,0.20096535541549612
1466,0.20095832359282145
1467,0.20095129760497876
1468,0.20094427744535498
1469,0.2009372631073426
1470,0.20093025458434352
1471,0.2009232518697733
1472,0.20091625495704973
1473,0.20090926383960514
1474,0.20090227851088063
1475,0.20089529896432348
1476,0.20088832519339295
1477,0.2008813571915565
1478,0.2008743949522896
1479,0.20086743846907879
1480,0.2008604877354185
1481,0.20085354274481257
1482,0.2008466034907734
1483,0.2008396699668226
1484,0.2008327421664924
1485,0.2008258200833226
1486,0.20081890371086122
1487,0.20081199304266545
1488,0.20080508807230354
1489,0.20079818879335043
1490,0.20079129519939135
1491,0.2007844072840204
1492,0.2007775250408387
1493,0.20077064846345882
1494,0.2007637775454997
1495,0.2007569122805915
1496,0.2007500526623729
1497,0.20074319868448837
1498,0.20073635034059567
1499,0.20072950762435712
1500,0.2007226705294473
1501,0.20071583904954862
1502,0.20070901317835013
1503,0.20070219290955157
1504,0.2006953782368615
1505,0.20068856915399597
1506,0.20068176565468052
1507,0.2006749677326494
1508,0.2006681753816453
1509,0.2006613885954192
1510,0.20065460736773139
1511,0.20064783169235095
1512,0.2006410615630542
1513,0.20063429697362647
1514,0.20062753791786211
1515,0.20062078438956404
1516,0.2006140363825451
1517,0.20060729389062235
1518,0.20060055690762574
1519,0.20059382542739168
1520,0.2005870994437658
1521,0.2005803789506016
1522,0.20057366394176004
1523,0.20056695441111394
1524,0.20056025035253924
1525,0.2005535517599272
1526,0.20054685862716967
1527,0.2005401709481736
1528,0.20053348871684848
1529,0.2005268119271172
1530,0.20052014057290904
1531,0.20051347464815972
1532,0.20050681414681504
1533,0.20050015906283056
1534,0.20049350939016666
1535,0.20048686512279426
1536,0.20048022625469303
1537,0.20047359277984855
1538,0.20046696469225692
1539,0.20046034198592
1540,0.2004537246548504
1541,0.20044711269306636
1542,0.20044050609459618
1543,0.20043390485347723
1544,0.20042730896375152
1545,0.2004207184194713
1546,0.20041413321469742
1547,0.20040755334349772
1548,0.20040097879994787
1549,0.20039440957813265
1550,0.20038784567214632
1551,0.20038128707608638
1552,0.20037473378406043
1553,0.2003681857901888
1554,0.20036164308859264
1555,0.200355105673405
1556,0.20034857353876587
1557,0.20034204667882397
1558,0.20033552508773705
1559,0.20032900875966547
1560,0.20032249768878427
1561,0.20031599186927052
1562,0.2003094912953133
1563,0.20030299596110698
1564,0.20029650586085854
1565,0.2002900209887749
1566,0.20028354133907628
1567,0.20027706690598995
1568,0.20027059768375027
1569,0.20026413366659887
1570,0.20025767484878756
1571,0.2002512212245726
1572,0.20024477278821945
1573,0.20023832953400356
1574,0.2002318914562022
1575,0.200225458549108
1576,0.2002190308070132
1577,0.200212608224226
1578,0.20020619079505517
1579,0.20019977851382179
1580,0.20019337137485235
1581,0.20018696937247987
1582,0.20018057250104837
1583,0.20017418075490742
1584,0.20016779412841315
1585,0.20016141261593123
1586,0.2001550362118344
1587,0.20014866491050273
1588,0.20014229870632297
1589,0.20013593759369092
1590,0.20012958156700844
1591,0.20012323062068674
1592,0.20011688474914197
1593,0.20011054394680014
1594,0.2001042082080927
1595,0.20009787752745883
1596,0.20009155189934905
1597,0.20008523131821546
1598,0.20007891577851983
1599,0.20007260527473256
1600,0.20006629980133067
1601,0.2000599993527982
1602,0.2000537039236267
1603,0.20004741350831373
1604,0.2000411281013688
1605,0.20003484769730315
1606,0.20002857229063714
1607,0.20002230187590045
1608,0.2000160364476282
1609,0.20000977600036157
1610,0.20000352052865192
1611,0.19999727002705683
1612,0.1999910244901399
1613,0.19998478391247315
1614,0.19997854828863607
1615,0.19997231761321266
1616,0.19996609188079767
1617,0.19995987108599098
1618,0.19995365522340042
1619,0.1999474442876424
1620,0.19994123827333496
1621,0.19993503717510988
1622,0.1999288409876029
1623,0.19992264970545687
1624,0.19991646332332064
1625,0.19991028183585377
1626,0.1999041052377207
1627,0.19989793352359114
1628,0.19989176668814468
1629,0.19988560472606534
1630,0.19987944763204893
1631,0.19987329540079218
1632,0.1998671480270026
1633,0.19986100550539318
1634,0.1998548678306853
1635,0.19984873499760658
1636,0.19984260700088968
1637,0.19983648383527738
1638,0.1998303654955188
1639,0.19982425197636688
1640,0.19981814327258526
1641,0.19981203937894304
1642,0.19980594029021534
1643,0.19979984600118558
1644,0.19979375650664283
1645,0.19978767180138313
1646,0.19978159188021102
1647,0.1997755167379374
1648,0.19976944636937521
1649,0.1997633807693536
1650,0.1997573199326984
1651,0.19975126385424916
1652,0.1997452125288515
1653,0.1997391659513526
1654,0.1997331241166134
1655,0.1997270870194953
1656,0.19972105465487142
1657,0.19971502701761845
1658,0.19970900410262252
1659,0.1997029859047733
1660,0.19969697241896914
1661,0.19969096364011432
1662,0.19968495956312132
1663,0.19967896018290635
1664,0.19967296549439334
1665,0.19966697549251616
1666,0.19966099017221067
1667,0.19965500952842058
1668,0.199649033556099
1669,0.1996430622502029
1670,0.1996370956056938
1671,0.19963113361754597
1672,0.19962517628073434
1673,0.19961922359024387
1674,0.19961327554106464
1675,0.19960733212819184
1676,0.19960139334663216
1677,0.19959545919139338
1678,0.1995895296574916
1679,0.19958360473994993
1680,0.19957768443379872
1681,0.1995717687340728
1682,0.19956585763581441
1683,0.19955995113407324
1684,0.1995540492239031
1685,0.19954815190036448
1686,0.19954225915852958
1687,0.19953637099346752
1688,0.1995304874002628
1689,0.19952460837400177
1690,0.19951873390977645
1691,0.19951286400268878
1692,0.19950699864784305
1693,0.19950113784035184
1694,0.19949528157533544
1695,0.19948942984791823
1696,0.19948358265323304
1697,0.19947773998641455
1698,0.19947190184260985
1699,0.19946606821696866
1700,0.19946023910464497
1701,0.19945441450080587
1702,0.1994485944006184
1703,0.19944277879925795
1704,0.19943696769190652
1705,0.1994311610737507
1706,0.1994253589399859
1707,0.19941956128581223
1708,0.19941376810643643
1709,0.1994079793970693
1710,0.19940219515293148
1711,0.1993964153692479
1712,0.1993906400412497
1713,0.19938486916417197
1714,0.1993791027332626
1715,0.19937334074376512
1716,0.19936758319093917
1717,0.19936183007004712
1718,0.19935608137635383
1719,0.19935033710513614
1720,0.19934459725166995
1721,0.1993388618112471
1722,0.19933313077915404
1723,0.19932740415069336
1724,0.1993216819211664
1725,0.19931596408588487
1726,0.19931025064016417
1727,0.19930454157932742
1728,0.19929883689870215
1729,0.19929313659362285
1730,0.19928744065942972
1731,0.19928174909146915
1732,0.19927606188509353
1733,0.19927037903566036
1734,0.1992647005385337
1735,0.19925902638908433
1736,0.19925335658268792
1737,0.19924769111472512
1738,0.19924202998058546
1739,0.19923637317566179
1740,0.19923072069535397
1741,0.19922507253506683
1742,0.19921942869021278
1743,0.19921378915620705
1744,0.19920815392847457
1745,0.19920252300244307
1746,0.1991968963735465
1747,0.19919127403722958
1748,0.19918565598893342
1749,0.1991800422241128
1750,0.19917443273822516
1751,0.19916882752673476
1752,0.1991632265851113
1753,0.1991576299088284
1754,0.19915203749336763
1755,0.19914644933421669
1756,0.19914086542686849
1757,0.19913528576682113
1758,0.19912971034957636
1759,0.19912413917064814
1760,0.1991185722255477
1761,0.19911300950979868
1762,0.19910745101892718
1763,0.19910189674846662
1764,0.19909634669395354
1765,0.19909080085093253
1766,0.1990852592149531
1767,0.19907972178157124
1768,0.1990741885463481
1769,0.19906865950484876
1770,0.1990631346526442
1771,0.1990576139853153
1772,0.19905209749844355
1773,0.19904658518761742
1774,0.1990410770484339
1775,0.19903557307648959
1776,0.19903007326739308
1777,0.19902457761675288
1778,0.19901908612018793
1779,0.19901359877332037
1780,0.1990081155717769
1781,0.19900263651119224
1782,0.1989971615872029
1783,0.1989916907954581
1784,0.1989862241316027
1785,0.19898076159129474
1786,0.1989753031701937
1787,0.19896984886396787
1788,0.19896439866828805
1789,0.19895895257883117
1790,0.19895351059128077
1791,0.19894807270132492
1792,0.19894263890465658
1793,0.1989372091969763
1794,0.19893178357398736
1795,0.1989263620314001
1796,0.1989209445649306
1797,0.19891553117029837
1798,0.19891012184322912
1799,0.1989047165794569
1800,0.1988993153747164
1801,0.19889391822475028
1802,0.19888852512530714
1803,0.19888313607213862
1804,0.1988777510610037
1805,0.1988723700876665
1806,0.19886699314789502
1807,0.19886162023746481
1808,0.1988562513521544
1809,0.19885088648774782
1810,0.19884552564003752
1811,0.19884016880481792
1812,0.19883481597788966
1813,0.19882946715505817
1814,0.19882412233213753
1815,0.19881878150494
1816,0.19881344466929
1817,0.1988081118210142
1818,0.19880278295594436
1819,0.19879745806991872
1820,0.19879213715878039
1821,0.19878682021837574
1822,0.19878150724455915
1823,0.19877619823318826
1824,0.19877089318012592
1825,0.19876559208124214
1826,0.19876029493240935
1827,0.19875500172950897
1828,0.1987497124684216
1829,0.19874442714503923
1830,0.1987391457552564
1831,0.1987338682949707
1832,0.19872859476008767
1833,0.1987233251465167
1834,0.1987180594501746
1835,0.19871279766697894
1836,0.1987075397928576
1837,0.19870228582373822
1838,0.19869703575555586
1839,0.19869178958425254
1840,0.19868654730577245
1841,0.19868130891606675
1842,0.1986760744110903
1843,0.19867084378680455
1844,0.1986656170391733
1845,0.19866039416416867
1846,0.19865517515776673
1847,0.198649960015947
1848,0.19864474873469445
1849,0.19863954131000006
1850,0.1986343377378614
1851,0.19862913801427634
1852,0.19862394213525233
1853,0.19861875009679886
1854,0.1986135618949311
1855,0.19860837752567015
1856,0.1986031969850408
1857,0.19859802026907505
1858,0.19859284737380473
1859,0.1985876782952737
1860,0.1985825130295246
1861,0.1985773515726083
1862,0.19857219392058006
1863,0.19856704006949827
1864,0.19856189001542734
1865,0.1985567437544404
1866,0.19855160128260776
1867,0.19854646259600958
1868,0.19854132769073135
1869,0.19853619656286067
1870,0.19853106920849245
1871,0.19852594562372403
1872,0.19852082580465974
1873,0.19851570974740854
1874,0.19851059744808167
1875,0.19850548890279882
1876,0.19850038410768048
1877,0.1984952830588582
1878,0.19849018575245914
1879,0.19848509218462465
1880,0.19848000235149305
1881,0.19847491624921354
1882,0.1984698338739363
1883,0.1984647552218195
1884,0.19845968028902042
1885,0.1984546090717077
1886,0.19844954156604963
1887,0.19844447776822188
1888,0.19843941767440482
1889,0.19843436128078362
1890,0.19842930858354452
1891,0.1984242595788845
1892,0.19841921426300013
1893,0.19841417263209563
1894,0.19840913468237834
1895,0.19840410041006162
1896,0.19839906981136163
1897,0.19839404288250267
1898,0.19838901961970717
1899,0.19838400001920997
1900,0.19837898407724602
1901,0.19837397179005492
1902,0.1983689631538827
1903,0.19836395816497715
1904,0.1983589568195959
1905,0.19835395911399462
1906,0.19834896504443916
1907,0.19834397460719627
1908,0.19833898779853876
1909,0.19833400461474435
1910,0.19832902505209446
1911,0.19832404910687593
1912,0.1983190767753789
1913,0.1983141080539009
1914,0.19830914293873794
1915,0.1983041814261979
1916,0.19829922351258972
1917,0.1982942691942256
1918,0.19828931846742512
1919,0.1982843713285103
1920,0.19827942777380744
1921,0.19827448779964812
1922,0.1982695514023706
1923,0.1982646185783141
1924,0.19825968932382257
1925,0.19825476363524802
1926,0.19824984150894276
1927,0.19824492294126625
1928,0.19824000792858
1929,0.1982350964672534
1930,0.198230188553656
1931,0.19822528418416588
1932,0.19822038335516176
1933,0.19821548606303133
1934,0.19821059230416235
1935,0.19820570207495025
1936,0.19820081537179132
1937,0.19819593219108902
1938,0.19819105252925046
1939,0.19818617638268815
1940,0.19818130374781615
1941,0.19817643462105627
1942,0.19817156899883276
1943,0.19816670687757382
1944,0.1981618482537129
1945,0.19815699312368976
1946,0.1981521414839425
1947,0.19814729333091982
1948,0.19814244866107247
1949,0.19813760747085507
1950,0.198132769756727
1951,0.19812793551515254
1952,0.19812310474259734
1953,0.1981182774355347
1954,0.1981134535904417
1955,0.1981086332037977
1956,0.19810381627209012
1957,0.19809900279180695
1958,0.1980941927594407
1959,0.198089386171491
1960,0.19808458302445783
1961,0.19807978331485043
1962,0.1980749870391765
1963,0.19807019419395291
1964,0.19806540477569728
1965,0.19806061878093276
1966,0.19805583620618808
1967,0.19805105704799367
1968,0.1980462813028859
1969,0.19804150896740572
1970,0.19803674003809577
1971,0.1980319745115063
1972,0.19802721238418855
1973,0.19802245365269894
1974,0.1980176983136003
1975,0.19801294636345526
1976,0.1980081977988362
1977,0.19800345261631339
1978,0.19799871081246645
1979,0.19799397238387714
1980,0.19798923732713108
1981,0.1979845056388175
1982,0.19797977731553135
1983,0.19797505235386928
1984,0.19797033075043524
1985,0.1979656125018364
1986,0.19796089760468155
1987,0.1979561860555863
1988,0.19795147785116782
1989,0.1979467729880525
1990,0.19794207146286352
1991,0.19793737327223315
1992,0.19793267841279577
1993,0.19792798688119176
1994,0.1979232986740637
1995,0.1979186137880591
1996,0.1979139322198282
1997,0.19790925396602624
1998,0.19790457902331485
1999,0.19789990738835436
2000,0.19789523905781398
