1,0.3321822069921611
2,0.2936876049632956
3,0.26968897441891954
4,0.2547150067569219
5,0.2453595485734335
6,0.23950210434413852
7,0.23582256207131286
8,0.23349908679536702
9,0.2320200448602377
10,0.23106691777549027
11,0.23044141049673192
12,0.23002007284460868
13,0.229726049168114
14,0.22951149115897881
15,0.2293466089874649
16,0.22921285511065398
17,0.22909868086698243
18,0.22899689475319837
19,0.22890301782526712
20,0.2288142598565667
21,0.2287288819472066
22,0.22864579971764715
23,0.22856433627754014
24,0.2284840684368296
25,0.22840473096459624
26,0.22832615698542416
27,0.22824824087308213
28,0.22817091514987242
29,0.22809413610519166
30,0.22801787484218902
31,0.22794211170371112
32,0.22786683280199116
33,0.22779202785803013
34,0.2277176888563336
35,0.2276438092072376
36,0.22757038322523196
37,0.227497405804027
38,0.22742487221408786
39,0.22735277797641446
40,0.22728111878379936
41,0.2272098904516346
42,0.2271390888871195
43,0.22706871006992957
44,0.22699875004001618
45,0.22692920488985274
46,0.22686007075944234
47,0.22679134383306088
48,0.2267230203370632
49,0.22665509653837285
50,0.22658756874338326
51,0.2265204332971195
52,0.22645368658257756
53,0.22638732502015316
54,0.2263213450671538
55,0.22625574321732836
56,0.22619051600046286
57,0.22612565998195497
58,0.22606117176243024
59,0.22599704797735518
60,0.2259332852966634
61,0.22586988042439057
62,0.22580683009830135
63,0.2257441310895333
64,0.22568178020224816
65,0.22561977427327423
66,0.22555811017176342
67,0.22549678479884522
68,0.22543579508729011
69,0.22537513800117462
70,0.22531481053554747
71,0.22525480971610767
72,0.2251951325988679
73,0.22513577626984593
74,0.22507673784474144
75,0.22501801446862046
76,0.224959603315609
77,0.22490150158858513
78,0.22484370651886718
79,0.22478621536592536
80,0.22472902541707498
81,0.2246721339871873
82,0.22461553841839146
83,0.22455923607979775
84,0.22450322436720246
85,0.22444750070281022
86,0.22439206253495353
87,0.22433690733782108
88,0.22428203261118074
89,0.22422743588011096
90,0.22417311469473405
91,0.22411906662994877
92,0.22406528928517896
93,0.22401178028410262
94,0.22395853727440138
95,0.2239055579275121
96,0.2238528399383691
97,0.22380038102516225
98,0.22374817892908835
99,0.2236962314141113
100,0.22364453626672118
101,0.2235930912956994
102,0.22354189433187957
103,0.2234909432279199
104,0.22344023585807124
105,0.22338977011795338
106,0.22333954392432584
107,0.22328955521486754
108,0.22323980194795923
109,0.22319028210246358
110,0.22314099367750737
111,0.22309193469227762
112,0.2230431031858
113,0.2229944972167408
114,0.22294611486319124
115,0.22289795422247338
116,0.2228500134109267
117,0.22280229056372453
118,0.22275478383465974
119,0.22270749139596122
120,0.22266041143809426
121,0.22261354216957666
122,0.22256688181678053
123,0.22252042862375337
124,0.2224741808520276
125,0.2224281367804375
126,0.22238229470494575
127,0.22233665293845575
128,0.22229120981063674
129,0.22224596366775012
130,0.2222009128724754
131,0.22215605580373737
132,0.22211139085653814
133,0.2220669164417886
134,0.22202263098614092
135,0.2219785329318257
136,0.22193462073649056
137,0.22189089287303598
138,0.2218473478294575
139,0.22180398410869
140,0.22176080022844985
141,0.22171779472108413
142,0.22167496613341003
143,0.2216323130265758
144,0.22158983397589843
145,0.22154752757073154
146,0.2215053924143041
147,0.22146342712358139
148,0.22142163032913034
149,0.22138000067496547
150,0.22133853681841412
151,0.2212972374299841
152,0.22125610119321212
153,0.2212151268045437
154,0.2211743129731902
155,0.2211336584210005
156,0.22109316188232736
157,0.2210528221038928
158,0.22101263784467146
159,0.22097260787575648
160,0.22093273098022995
161,0.2208930059530478
162,0.2208534316009072
163,0.2208140067421352
164,0.22077473020655738
165,0.22073560083538604
166,0.22069661748110017
167,0.22065777900732775
168,0.22061908428873314
169,0.22058053221089954
170,0.2205421216702172
171,0.22050385157377458
172,0.22046572083924354
173,0.22042772839477046
174,0.2203898731788723
175,0.22035215414032258
176,0.22031457023805223
177,0.22027712044104045
178,0.22023980372821275
179,0.22020261908833735
180,0.22016556551992428
181,0.22012864203112675
182,0.22009184763963463
183,0.22005518137258842
184,0.22001864226647025
185,0.21998222936701076
186,0.21994594172910184
187,0.2199097784166866
188,0.21987373850268574
189,0.219837821068887
190,0.21980202520586462
191,0.21976635001288924
192,0.21973079459782777
193,0.21969535807707105
194,0.21966003957543398
195,0.21962483822607437
196,0.21958975317040483
197,0.2195547835580118
198,0.21951992854656427
199,0.21948518730174335
200,0.21945055899714558
201,0.21941604281421223
202,0.21938163794214482
203,0.21934734357782693
204,0.2193131589257434
205,0.2192790831979064
206,0.21924511561377527
207,0.2192112554001796
208,0.21917750179124648
209,0.21914385402832806
210,0.21911031135991554
211,0.21907687304158774
212,0.21904353833591683
213,0.219010306512408
214,0.2189771768474298
215,0.21894414862413966
216,0.21891122113241726
217,0.21887839366879158
218,0.21884566553638266
219,0.21881303604482366
220,0.21878050451020073
221,0.21874807025498527
222,0.21871573260797197
223,0.21868349090420935
224,0.21865134448494244
225,0.21861929269754013
226,0.2185873348954442
227,0.21855547043810228
228,0.2185236986909027
229,0.21849201902512463
230,0.21846043081786848
231,0.21842893345199949
232,0.2183975263160943
233,0.2183662088043754
234,0.21833498031666135
235,0.2183038402583003
236,0.2182727880401291
237,0.2182418230783992
238,0.21821094479473674
239,0.2181801526160833
240,0.21814944597463962
241,0.2181188243078139
242,0.21808828705817226
243,0.21805783367338177
244,0.21802746360616398
245,0.21799717631423912
246,0.21796697126027895
247,0.2179368479118543
248,0.2179068057413896
249,0.21787684422610856
250,0.21784696284799335
251,0.21781716109372412
252,0.21778743845465173
253,0.21775779442672502
254,0.21772822851046852
255,0.21769874021092298
256,0.21766932903760222
257,0.21763999450444943
258,0.21761073612979515
259,0.21758155343630872
260,0.2175524459509554
261,0.21752341320495602
262,0.21749445473374354
263,0.2174655700769185
264,0.21743675877820942
265,0.21740802038543314
266,0.21737935445044868
267,0.21735076052912172
268,0.21732223818128327
269,0.217293786970688
270,0.2172654064649746
271,0.21723709623563464
272,0.21720885585796582
273,0.21718068491103326
274,0.21715258297764084
275,0.21712454964428343
276,0.21709658450111996
277,0.2170686871419276
278,0.21704085716407406
279,0.21701309416847403
280,0.2169853977595598
281,0.2169577675452478
282,0.21693020313689387
283,0.21690270414927207
284,0.21687527020052938
285,0.2168479009121605
286,0.21682059590897068
287,0.21679335481904402
288,0.21676617727371061
289,0.21673906290751396
290,0.2167120113581788
291,0.21668502226658318
292,0.21665809527672264
293,0.21663123003568066
294,0.21660442619360162
295,0.2165776834036543
296,0.21655100132200994
297,0.21652437960780216
298,0.2164978179231116
299,0.2164713159329189
300,0.21644487330509823
301,0.2164184897103663
302,0.2163921648222724
303,0.21636589831715813
304,0.21633968987413763
305,0.2163135391750665
306,0.21628744590451637
307,0.2162614097497491
308,0.21623543040068696
309,0.21620950754988932
310,0.21618364089252867
311,0.2161578301263567
312,0.216132074951694
313,0.21610637507138608
314,0.21608073019079613
315,0.2160551400177656
316,0.21602960426260634
317,0.21600412263805827
318,0.2159786948592789
319,0.21595332064381692
320,0.21592799971158372
321,0.21590273178483518
322,0.21587751658814994
323,0.21585235384840437
324,0.21582724329474795
325,0.21580218465858375
326,0.21577717767355062
327,0.21575222207549175
328,0.21572731760244518
329,0.21570246399461024
330,0.21567766099433686
331,0.21565290834609543
332,0.21562820579646685
333,0.21560355309411328
334,0.21557894998976265
335,0.21555439623618752
336,0.21552989158818386
337,0.21550543580255238
338,0.21548102863808083
339,0.21545666985552253
340,0.21543235921757894
341,0.21540809648888348
342,0.2153838814359733
343,0.21535971382728378
344,0.21533559343311967
345,0.21531152002564308
346,0.21528749337885575
347,0.2152635132685781
348,0.21523957947243033
349,0.2152156917698252
350,0.21519184994193832
351,0.2151680537716969
352,0.21514430304376772
353,0.2151205975445303
354,0.21509693706206906
355,0.21507332138615282
356,0.21504975030821874
357,0.21502622362136029
358,0.215002741120306
359,0.21497930260140766
360,0.21495590786262594
361,0.21493255670350853
362,0.21490924892518135
363,0.21488598433033312
364,0.21486276272319807
365,0.2148395839095396
366,0.21481644769664285
367,0.2147933538932931
368,0.21477030230976613
369,0.21474729275781
370,0.21472432505063535
371,0.21470139900289856
372,0.21467851443068967
373,0.21465567115151915
374,0.2146328689843025
375,0.2146101077493493
376,0.21458738726834814
377,0.214564707364355
378,0.21454206786177935
379,0.21451946858637438
380,0.2144969093652183
381,0.21447439002671076
382,0.21445191040054826
383,0.2144294703177251
384,0.21440706961051273
385,0.21438470811245255
386,0.2143623856583371
387,0.21434010208420917
388,0.2143178572273397
389,0.2142956509262217
390,0.21427348302055643
391,0.21425135335124754
392,0.21422926176038293
393,0.21420720809122548
394,0.2141851921882063
395,0.21416321389690962
396,0.21414127306406408
397,0.21411936953752805
398,0.2140975031662899
399,0.21407567380043993
400,0.21405388129118152
401,0.2140321254908001
402,0.21401040625266932
403,0.21398872343123151
404,0.21396707688199243
405,0.2139454664615069
406,0.2139238920273772
407,0.21390235343823386
408,0.21388085055373127
409,0.21385938323453962
410,0.21383795134233266
411,0.2138165547397815
412,0.2137951932905382
413,0.21377386685923833
414,0.2137525753114814
415,0.21373131851382848
416,0.21371009633379145
417,0.2136889086398232
418,0.2136677553013103
419,0.21364663618856528
420,0.21362555117281296
421,0.21360450012619392
422,0.21358348292174284
423,0.21356249943338854
424,0.21354154953594276
425,0.2135206331050903
426,0.21349975001739185
427,0.2134789001502588
428,0.21345808338195973
429,0.21343729959160734
430,0.21341654865915008
431,0.21339583046536567
432,0.21337514489185508
433,0.21335449182103303
434,0.2133338711361186
435,0.21331328272113673
436,0.21329272646089956
437,0.21327220224100912
438,0.21325170994784176
439,0.21323124946855004
440,0.21321082069104616
441,0.2131904235040061
442,0.21317005779685175
443,0.2131497234597529
444,0.21312942038361418
445,0.21310914846007642
446,0.21308890758149834
447,0.21306869764096417
448,0.21304851853226545
449,0.21302837014990023
450,0.21300825238906673
451,0.21298816514565636
452,0.21296810831624863
453,0.21294808179810068
454,0.21292808548914965
455,0.21290811928799633
456,0.21288818309390978
457,0.21286827680681417
458,0.2128484003272842
459,0.21282855355654368
460,0.21280873639645323
461,0.21278894874951074
462,0.21276919051884133
463,0.21274946160819716
464,0.21272976192194087
465,0.21271009136505833
466,0.21269044984313518
467,0.2126708372623621
468,0.21265125352952607
469,0.21263169855200623
470,0.21261217223776793
471,0.2125926744953611
472,0.21257320523390538
473,0.212553764363098
474,0.21253435179320243
475,0.2125149674350418
476,0.21249561119999483
477,0.21247628299999502
478,0.2124569827475236
479,0.2124377103556015
480,0.21241846573779147
481,0.21239924880818745
482,0.21238005948141028
483,0.21236089767261046
484,0.2123417632974523
485,0.21232265627212027
486,0.21230357651330803
487,0.21228452393821542
488,0.2122654984645456
489,0.2122465000104984
490,0.21222752849477014
491,0.21220858383654337
492,0.21218966595549008
493,0.2121707747717604
494,0.21215191020598342
495,0.21213307217926317
496,0.2121142606131691
497,0.21209547542973922
498,0.21207671655147206
499,0.21205798390132422
500,0.21203927740270578
501,0.21202059697947725
502,0.21200194255594446
503,0.21198331405685816
504,0.2119647114074043
505,0.21194613453320718
506,0.21192758336032075
507,0.21190905781523092
508,0.21189055782484076
509,0.21187208331648041
510,0.21185363421789433
511,0.21183521045724457
512,0.21181681196310043
513,0.2117984386644377
514,0.21178009049064073
515,0.21176176737148875
516,0.21174346923716197
517,0.21172519601823317
518,0.21170694764566766
519,0.21168872405081687
520,0.2116705251654136
521,0.21165235092157814
522,0.21163420125180465
523,0.21161607608896313
524,0.2115979753662978
525,0.2115798990174184
526,0.21156184697630323
527,0.21154381917729198
528,0.21152581555508632
529,0.21150783604474405
530,0.21148988058167797
531,0.21147194910164954
532,0.2114540415407736
533,0.21143615783550707
534,0.2114182979226526
535,0.2114004617393515
536,0.21138264922308178
537,0.2113648603116601
538,0.21134709494323156
539,0.21132935305627093
540,0.21131163458958474
541,0.21129393948229938
542,0.2112762676738626
543,0.211258619104044
544,0.21124099371292981
545,0.21122339144091962
546,0.21120581222872442
547,0.21118825601736496
548,0.2111707227481702
549,0.21115321236276932
550,0.2111357248031007
551,0.21111826001139605
552,0.21110081793018654
553,0.21108339850229743
554,0.2110660016708527
555,0.21104862737925748
556,0.21103127557121357
557,0.21101394619070063
558,0.2109966391819896
559,0.21097935448962896
560,0.2109620920584473
561,0.21094485183355144
562,0.21092763376032217
563,0.21091043778441362
564,0.21089326385175086
565,0.21087611190852779
566,0.21085898190120617
567,0.21084187377650954
568,0.2108247874814277
569,0.21080772296320857
570,0.21079068016936203
571,0.21077365904764925
572,0.2107566595460919
573,0.21073968161296158
574,0.2107227251967812
575,0.21070579024632388
576,0.21068887671060688
577,0.21067198453889885
578,0.21065511368070455
579,0.21063826408577538
580,0.2106214357041016
581,0.21060462848591155
582,0.21058784238166883
583,0.21057107734207248
584,0.21055433331805534
585,0.2105376102607782
586,0.2105209081216327
587,0.2105042268522412
588,0.21048756640444788
589,0.21047092673032353
590,0.21045430778216076
591,0.2104377095124741
592,0.21042113187399356
593,0.21040457481967464
594,0.21038803830268224
595,0.21037152227639552
596,0.21035502669441455
597,0.2103385515105437
598,0.21032209667879712
599,0.2103056621534011
600,0.21028924788878808
601,0.2102728538395934
602,0.21025647996065952
603,0.21024012620703042
604,0.21022379253394996
605,0.21020747889686162
606,0.21019118525140842
607,0.21017491155342913
608,0.21015865775895953
609,0.21014242382422674
610,0.21012620970565135
611,0.21011001535984594
612,0.21009384074361107
613,0.21007768581393987
614,0.21006155052800726
615,0.21004543484317745
616,0.21002933871699941
617,0.2100132621072019
618,0.2099972049716998
619,0.2099811672685859
620,0.20996514895613438
621,0.2099491499927941
622,0.20993317033719608
623,0.2099172099481406
624,0.20990126878460993
625,0.20988534680575305
626,0.20986944397089444
627,0.20985356023952778
628,0.2098376955713158
629,0.20982184992609415
630,0.2098060232638606
631,0.2097902155447821
632,0.2097744267291876
633,0.20975865677757533
634,0.20974290565060216
635,0.20972717330908677
636,0.2097114597140089
637,0.20969576482651053
638,0.20968008860788692
639,0.20966443101959617
640,0.2096487920232494
641,0.2096331715806137
642,0.2096175696536087
643,0.2096019862043102
644,0.2095864211949469
645,0.20957087458789242
646,0.20955534634567718
647,0.2095398364309779
648,0.20952434480661827
649,0.2095088714355731
650,0.20949341628095758
651,0.20947797930604017
652,0.2094625604742244
653,0.20944715974906192
654,0.20943177709424826
655,0.2094164124736174
656,0.20940106585114518
657,0.2093857371909472
658,0.20937042645727544
659,0.2093551336145242
660,0.2093398586272185
661,0.2093246014600254
662,0.2093093620777435
663,0.20929414044530675
664,0.2092789365277834
665,0.20926375029037012
666,0.2092485816984014
667,0.20923343071733808
668,0.20921829731277236
669,0.2092031814504257
670,0.20918808309614725
671,0.2091730022159157
672,0.20915793877583386
673,0.20914289274213
674,0.20912786408116243
675,0.20911285275940902
676,0.2090978587434708
677,0.20908288200007424
678,0.2090679224960695
679,0.20905298019842236
680,0.20903805507422177
681,0.20902314709068048
682,0.2090082562151226
683,0.20899338241499604
684,0.20897852565786368
685,0.20896368591140727
686,0.20894886314342312
687,0.20893405732182266
688,0.2089192684146334
689,0.20890449638999534
690,0.20888974121616144
691,0.20887500286149932
692,0.2088602812944884
693,0.20884557648371443
694,0.2088308883978811
695,0.20881621700579575
696,0.2088015622763778
697,0.20878692417865646
698,0.20877230268176503
699,0.20875769775494707
700,0.20874310936755242
701,0.2087285374890354
702,0.20871398208895536
703,0.20869944313698
704,0.2086849206028749
705,0.2086704144565177
706,0.2086559246678796
707,0.20864145120704025
708,0.20862699404417767
709,0.2086125531495749
710,0.20859812849361123
711,0.2085837200467642
712,0.2085693277796189
713,0.20855495166285104
714,0.20854059166723857
715,0.20852624776365425
716,0.2085119199230713
717,0.2084976081165551
718,0.20848331231527104
719,0.20846903249047652
720,0.2084547686135256
721,0.2084405206558664
722,0.20842628858904177
723,0.2084120723846837
724,0.20839787201452065
725,0.20838368745037136
726,0.20836951866414755
727,0.2083553656278512
728,0.20834122831357488
729,0.20832710669349908
730,0.2083130007398989
731,0.2082989104251322
732,0.20828483572165096
733,0.20827077660199153
734,0.20825673303877948
735,0.20824270500472614
736,0.20822869247263145
737,0.2082146954153779
738,0.2082007138059395
739,0.2081867476173687
740,0.20817279682280665
741,0.20815886139547696
742,0.20814494130869013
743,0.20813103653583567
744,0.2081171470503869
745,0.2081032728259003
746,0.20808941383601795
747,0.20807557005445582
748,0.2080617414550166
749,0.20804792801158184
750,0.20803412969811289
751,0.20802034648865197
752,0.20800657835731967
753,0.20799282527831559
754,0.20797908722591707
755,0.20796536417448092
756,0.20795165609844246
757,0.20793796297231146
758,0.20792428477067665
759,0.2079106214681989
760,0.20789697303962304
761,0.20788333945976276
762,0.20786972070350931
763,0.20785611674582952
764,0.2078425275617625
765,0.2078289531264234
766,0.20781539341499974
767,0.20780184840275387
768,0.20778831806501763
769,0.2077748023772013
770,0.20776130131478013
771,0.20774781485330687
772,0.2077343429684024
773,0.2077208856357602
774,0.2077074428311441
775,0.20769401453038774
776,0.20768060070939587
777,0.20766720134414096
778,0.2076538164106667
779,0.20764044588508415
780,0.2076270897435737
781,0.20761374796238385
782,0.20760042051783079
783,0.20758710738629807
784,0.20757380854423685
785,0.20756052396816527
786,0.20754725363466572
787,0.20753399752039348
788,0.20752075560205954
789,0.20750752785644852
790,0.20749431426040657
791,0.20748111479084574
792,0.2074679294247446
793,0.20745475813914036
794,0.20744160091113978
795,0.20742845771791105
796,0.20741532853668576
797,0.20740221334475858
798,0.20738911211948663
799,0.2073760248382897
800,0.20736295147864978
801,0.20734989201811035
802,0.20733684643427613
803,0.2073238147048144
804,0.2073107968074512
805,0.20729779271997575
806,0.20728480242023412
807,0.20727182588613624
808,0.20725886309564864
809,0.2072459140268013
810,0.20723297865767912
811,0.20722005696642737
812,0.20720714893124997
813,0.20719425453041257
814,0.20718137374222967
815,0.20716850654508645
816,0.2071556529174149
817,0.20714281283770802
818,0.2071299862845182
819,0.20711717323645107
820,0.20710437367217077
821,0.2070915875703972
822,0.20707881490990643
823,0.20706605566952782
824,0.2070533098281508
825,0.2070405773647159
826,0.20702785825821987
827,0.2070151524877154
828,0.20700246003230896
829,0.20698978087115869
830,0.20697711498348131
831,0.20696446234854407
832,0.20695182294566963
833,0.20693919675423209
834,0.20692658375365713
835,0.20691398392342727
836,0.2069013972430759
837,0.20688882369218664
838,0.20687626325039862
839,0.20686371589740027
840,0.20685118161293262
841,0.206838660376787
842,0.2068261521688088
843,0.20681365696889112
844,0.20680117475697735
845,0.2067887055130636
846,0.20677624921719684
847,0.20676380584947274
848,0.20675137539003485
849,0.20673895781908072
850,0.20672655311685362
851,0.2067141612636467
852,0.2067017822398022
853,0.2066894160257128
854,0.20667706260181967
855,0.2066647219486081
856,0.20665239404661465
857,0.20664007887642538
858,0.20662777641867217
859,0.20661548665403257
860,0.20660320956323547
861,0.206590945127052
862,0.20657869332630707
863,0.20656645414186542
864,0.20655422755464184
865,0.20654201354559618
866,0.20652981209573393
867,0.20651762318611086
868,0.20650544679782218
869,0.2064932829120138
870,0.20648113150987207
871,0.20646899257263293
872,0.20645686608157654
873,0.20644475201802484
874,0.20643265036334763
875,0.20642056109895845
876,0.20640848420631447
877,0.2063964196669157
878,0.20638436746230882
879,0.20637232757408283
880,0.20636029998386993
881,0.20634828467334687
882,0.20633628162423118
883,0.20632429081828643
884,0.20631231223731733
885,0.20630034586317123
886,0.20628839167773771
887,0.20627644966295156
888,0.20626451980078406
889,0.206252602073254
890,0.20624069646241894
891,0.20622880295037885
892,0.2062169215192766
893,0.20620505215129234
894,0.20619319482865336
895,0.2061813495336225
896,0.2061695162485063
897,0.20615769495565137
898,0.20614588563744485
899,0.20613408827631316
900,0.206122302854726
901,0.20611052935518911
902,0.20609876776025027
903,0.2060870180524968
904,0.20607528021455726
905,0.20606355422909575
906,0.20605184007881835
907,0.2060401377464703
908,0.20602844721483446
909,0.2060167684667354
910,0.20600510148503173
911,0.20599344625262409
912,0.2059818027524511
913,0.20597017096748826
914,0.20595855088075032
915,0.2059469424752907
916,0.20593534573419622
917,0.20592376064059847
918,0.2059121871776615
919,0.20590062532858744
920,0.20588907507661633
921,0.20587753640502635
922,0.20586600929713014
923,0.20585449373627898
924,0.2058429897058623
925,0.2058314971892991
926,0.205820016170056
927,0.20580854663162595
928,0.20579708855754283
929,0.20578564193137616
930,0.20577420673672944
931,0.20576278295724554
932,0.2057513705765985
933,0.20573996957850071
934,0.20572857994670038
935,0.20571720166497712
936,0.20570583471715126
937,0.20569447908707217
938,0.2056831347586306
939,0.20567180171574537
940,0.20566047994237482
941,0.2056491694225088
942,0.20563787014017393
943,0.20562658207942902
944,0.20561530522436766
945,0.20560403955911863
946,0.20559278506784237
947,0.20558154173473384
948,0.20557030954402372
949,0.20555908847997306
950,0.20554787852687745
951,0.20553667966906702
952,0.20552549189090363
953,0.20551431517678187
954,0.20550314951113163
955,0.20549199487841205
956,0.20548085126311827
957,0.20546971864977506
958,0.20545859702294203
959,0.20544748636721077
960,0.20543638666720293
961,0.2054252979075771
962,0.20541422007301657
963,0.2054031531482442
964,0.20539209711801054
965,0.20538105196709674
966,0.20537001768031785
967,0.20535899424252155
968,0.20534798163858292
969,0.20533697985341137
970,0.2053259888719458
971,0.2053150086791579
972,0.20530403926004975
973,0.20529308059965218
974,0.2052821326830305
975,0.20527119549527553
976,0.20526026902151517
977,0.2052493532469024
978,0.20523844815662204
979,0.20522755373589027
980,0.2052166699699506
981,0.20520579684408116
982,0.20519493434358596
983,0.20518408245380013
984,0.20517324116009028
985,0.20516241044784686
986,0.2051515903024975
987,0.20514078070949499
988,0.20512998165432206
989,0.20511919312248977
990,0.2051084150995402
991,0.20509764757104365
992,0.20508689052259843
993,0.205076143939832
994,0.2050654078084046
995,0.20505468211399777
996,0.2050439668423267
997,0.2050332619791343
998,0.20502256751019218
999,0.20501188342129664
1000,0.20500120969827712
1001,0.20499054632698924
1002,0.20497989329331714
1003,0.20496925058316914
1004,0.2049586181824882
1005,0.20494799607723826
1006,0.2049373842534164
1007,0.20492678269704165
1008,0.2049161913941681
1009,0.20490561033086943
1010,0.20489503949325208
1011,0.20488447886744768
1012,0.20487392843961258
1013,0.20486338819593514
1014,0.20485285812262718
1015,0.2048423382059287
1016,0.20483182843210743
1017,0.20482132878745435
1018,0.2048108392582901
1019,0.2048003598309622
1020,0.20478989049184235
1021,0.2047794312273319
1022,0.20476898202385335
1023,0.20475854286786077
1024,0.20474811374583238
1025,0.20473769464426955
1026,0.20472728554970654
1027,0.20471688644869449
1028,0.2047064973278196
1029,0.20469611817368566
1030,0.20468574897292793
1031,0.20467538971220578
1032,0.20466504037820193
1033,0.20465470095762603
1034,0.20464437143721453
1035,0.2046340518037273
1036,0.2046237420439492
1037,0.20461344214469004
1038,0.20460315209278843
1039,0.20459287187510278
1040,0.20458260147851878
1041,0.20457234088994777
1042,0.20456209009632403
1043,0.20455184908460827
1044,0.20454161784178426
1045,0.20453139635486065
1046,0.20452118461087268
1047,0.20451098259687556
1048,0.20450079029995288
1049,0.20449060770721006
1050,0.20448043480577896
1051,0.20447027158281347
1052,0.2044601180254921
1053,0.204449974121019
1054,0.20443983985661723
1055,0.20442971521953987
1056,0.20441960019705982
1057,0.20440949477647494
1058,0.2043993989451067
1059,0.20438931269030017
1060,0.2043792359994231
1061,0.20436916885986722
1062,0.20435911125904804
1063,0.20434906318440313
1064,0.20433902462339326
1065,0.2043289955635053
1066,0.2043189759922459
1067,0.20430896589714528
1068,0.20429896526575622
1069,0.20428897408565808
1070,0.20427899234444652
1071,0.20426902002974617
1072,0.20425905712920128
1073,0.20424910363047688
1074,0.20423915952126467
1075,0.20422922478927755
1076,0.20421929942224784
1077,0.20420938340793512
1078,0.20419947673411704
1079,0.20418957938859644
1080,0.20417969135919514
1081,0.20416981263376036
1082,0.20415994320015976
1083,0.20415008304628213
1084,0.2041402321600396
1085,0.2041303905293659
1086,0.20412055814221783
1087,0.20411073498656807
1088,0.20410092105041958
1089,0.2040911163217921
1090,0.20408132078872637
1091,0.20407153443928516
1092,0.20406175726155465
1093,0.2040519892436394
1094,0.20404223037366817
1095,0.2040324806397899
1096,0.20402274003017298
1097,0.20401300853300924
1098,0.2040032861365115
1099,0.2039935728289117
1100,0.20398386859846362
1101,0.2039741734334429
1102,0.20396448732214595
1103,0.20395481025288825
1104,0.20394514221400778
1105,0.2039354831938613
1106,0.2039258331808292
1107,0.20391619216330883
1108,0.20390656012972108
1109,0.20389693706850667
1110,0.20388732296812379
1111,0.2038777178170553
1112,0.2038681216038009
1113,0.20385853431688328
1114,0.20384895594484398
1115,0.20383938647624322
1116,0.20382982589966378
1117,0.20382027420370705
1118,0.2038107313769954
1119,0.20380119740816866
1120,0.20379167228589062
1121,0.20378215599884067
1122,0.2037726485357221
1123,0.20376314988525232
1124,0.20375366003617365
1125,0.20374417897724664
1126,0.2037347066972506
1127,0.20372524318498228
1128,0.20371578842926236
1129,0.20370634241892843
1130,0.2036969051428358
1131,0.20368747658986347
1132,0.20367805674890638
1133,0.20366864560887823
1134,0.20365924315871356
1135,0.2036498493873658
1136,0.20364046428380705
1137,0.20363108783702796
1138,0.2036217200360384
1139,0.20361236086986753
1140,0.2036030103275646
1141,0.20359366839819362
1142,0.20358433507084164
1143,0.20357501033461153
1144,0.20356569417862652
1145,0.2035563865920285
1146,0.2035470875639761
1147,0.20353779708364897
1148,0.2035285151402407
1149,0.20351924172297026
1150,0.2035099768210695
1151,0.2035007204237898
1152,0.2034914725204022
1153,0.2034822331001937
1154,0.20347300215247283
1155,0.2034637796665627
1156,0.20345456563180508
1157,0.2034453600375623
1158,0.20343616287321287
1159,0.2034269741281547
1160,0.20341779379179895
1161,0.2034086218535816
1162,0.20339945830295067
1163,0.2033903031293736
1164,0.20338115632233772
1165,0.20337201787134762
1166,0.20336288776592135
1167,0.20335376599559996
1168,0.2033446525499376
1169,0.2033355474185104
1170,0.203326450590906
1171,0.20331736205673653
1172,0.20330828180562643
1173,0.20329920982721741
1174,0.20329014611117133
1175,0.20328109064716862
1176,0.20327204342490054
1177,0.20326300443407996
1178,0.20325397366443607
1179,0.2032449511057165
1180,0.20323593674768434
1181,0.2032269305801177
1182,0.2032179325928171
1183,0.20320894277559517
1184,0.20319996111828317
1185,0.20319098761072832
1186,0.2031820222427966
1187,0.2031730650043686
1188,0.20316411588534175
1189,0.2031551748756335
1190,0.20314624196517136
1191,0.20313731714390654
1192,0.2031284004018025
1193,0.2031194917288394
1194,0.20311059111501645
1195,0.20310169855034663
1196,0.20309281402485976
1197,0.20308393752860399
1198,0.2030750690516395
1199,0.20306620858404817
1200,0.20305735611592599
1201,0.2030485116373813
1202,0.2030396751385444
1203,0.20303084660955842
1204,0.20302202604058409
1205,0.20301321342179648
1206,0.20300440874338807
1207,0.20299561199556695
1208,0.20298682316855593
1209,0.20297804225259586
1210,0.2029692692379418
1211,0.20296050411486574
1212,0.20295174687365397
1213,0.20294299750461098
1214,0.20293425599805268
1215,0.20292552234431696
1216,0.20291679653375042
1217,0.20290807855671944
1218,0.20289936840360567
1219,0.202890666064806
1220,0.2028819715307316
1221,0.20287328479180938
1222,0.20286460583848312
1223,0.2028559346612123
1224,0.20284727125046748
1225,0.20283861559674013
1226,0.20282996769053355
1227,0.2028213275223656
1228,0.202812695082774
1229,0.20280407036230572
1230,0.20279545335152535
1231,0.20278684404101527
1232,0.2027782424213684
1233,0.2027696484831956
1234,0.20276106221712112
1235,0.2027524836137853
1236,0.20274391266384387
1237,0.2027353493579644
1238,0.2027267936868334
1239,0.2027182456411496
1240,0.20270970521162665
1241,0.20270117238899416
1242,0.20269264716399454
1243,0.2026841295273887
1244,0.2026756194699463
1245,0.20266711698245707
1246,0.20265862205572185
1247,0.202650134680558
1248,0.20264165484779637
1249,0.2026331825482817
1250,0.2026247177728757
1251,0.202616260512453
1252,0.2026078107579015
1253,0.2025993685001248
1254,0.2025909337300403
1255,0.20258250643857992
1256,0.20257408661668888
1257,0.2025656742553284
1258,0.20255726934547397
1259,0.20254887187811266
1260,0.20254048184424717
1261,0.20253209923489524
1262,0.20252372404108684
1263,0.2025153562538686
1264,0.20250699586429863
1265,0.20249864286344924
1266,0.2024902972424083
1267,0.2024819589922758
1268,0.20247362810416739
1269,0.2024653045692102
1270,0.20245698837854803
1271,0.20244867952333617
1272,0.20244037799474415
1273,0.20243208378395602
1274,0.20242379688216952
1275,0.20241551728059431
1276,0.20240724497045745
1277,0.2023989799429953
1278,0.2023907221894591
1279,0.20238247170111553
1280,0.20237422846924252
1281,0.2023659924851331
1282,0.20235776374009304
1283,0.2023495422254413
1284,0.20234132793251056
1285,0.20233312085264687
1286,0.20232492097720858
1287,0.20231672829756944
1288,0.20230854280511515
1289,0.2023003644912455
1290,0.20229219334737195
1291,0.2022840293649189
1292,0.20227587253532958
1293,0.20226772285005087
1294,0.20225958030055022
1295,0.20225144487830557
1296,0.2022433165748081
1297,0.20223519538156218
1298,0.20222708129008368
1299,0.20221897429190477
1300,0.20221087437856658
1301,0.20220278154162702
1302,0.20219469577265436
1303,0.20218661706323013
1304,0.20217854540494906
1305,0.20217048078941718
1306,0.20216242320825814
1307,0.20215437265310174
1308,0.20214632911559421
1309,0.2021382925873965
1310,0.20213026306017587
1311,0.20212224052561883
1312,0.20211422497542011
1313,0.20210621640128973
1314,0.2020982147949489
1315,0.20209022014813238
1316,0.20208223245258392
1317,0.20207425170006524
1318,0.20206627788234854
1319,0.20205831099121435
1320,0.20205035101846225
1321,0.20204239795589948
1322,0.20203445179534704
1323,0.2020265125286388
1324,0.20201858014762117
1325,0.20201065464414966
1326,0.2020027360100982
1327,0.20199482423734658
1328,0.20198691931779006
1329,0.20197902124333597
1330,0.20197113000590344
1331,0.20196324559742268
1332,0.20195536800983807
1333,0.2019474972351047
1334,0.20193963326518813
1335,0.20193177609207064
1336,0.20192392570774156
1337,0.2019160821042067
1338,0.20190824527347886
1339,0.2019004152075854
1340,0.2018925918985677
1341,0.2018847753384753
1342,0.20187696551937132
1343,0.2018691624333313
1344,0.20186136607244023
1345,0.2018535764287982
1346,0.20184579349451406
1347,0.2018380172617098
1348,0.20183024772251973
1349,0.2018224848690891
1350,0.20181472869357436
1351,0.20180697918814444
1352,0.20179923634497857
1353,0.20179150015626918
1354,0.20178377061421968
1355,0.20177604771104618
1356,0.20176833143897324
1357,0.20176062179023957
1358,0.20175291875709397
1359,0.20174522233179734
1360,0.20173753250662294
1361,0.20172984927385515
1362,0.20172217262578668
1363,0.20171450255472437
1364,0.20170683905298947
1365,0.20169918211290577
1366,0.2016915317268176
1367,0.20168388788707484
1368,0.20167625058604138
1369,0.20166861981609033
1370,0.20166099556960806
1371,0.2016533778389911
1372,0.2016457666166459
1373,0.20163816189499278
1374,0.20163056366646007
1375,0.20162297192349105
1376,0.20161538665853646
1377,0.20160780786405857
1378,0.20160023553253356
1379,0.20159266965644512
1380,0.20158511022829
1381,0.201577557240576
1382,0.20157001068581992
1383,0.20156247055655208
1384,0.20155493684531106
1385,0.2015474095446488
1386,0.201539888647126
1387,0.20153237414531616
1388,0.2015248660318018
1389,0.20151736429917583
1390,0.2015098689400466
1391,0.20150237994702702
1392,0.20149489731274373
1393,0.20148742102983414
1394,0.20147995109094605
1395,0.2014724874887371
1396,0.20146503021587914
1397,0.20145757926504734
1398,0.201450134628935
1399,0.20144269630024142
1400,0.2014352642716793
1401,0.20142783853597065
1402,0.20142041908584749
1403,0.20141300591405298
1404,0.20140559901333915
1405,0.2013981983764716
1406,0.20139080399622478
1407,0.2013834158653818
1408,0.2013760339767409
1409,0.20136865832310435
1410,0.20136128889728996
1411,0.2013539256921237
1412,0.2013465687004412
1413,0.20133921791509063
1414,0.20133187332892669
1415,0.20132453493482252
1416,0.20131720272564935
1417,0.20130987669429756
1418,0.2013025568336667
1419,0.20129524313666258
1420,0.2012879355962062
1421,0.20128063420522493
1422,0.2012733389566579
1423,0.20126604984345173
1424,0.20125876685856753
1425,0.20125148999497472
1426,0.2012442192456499
1427,0.20123695460358504
1428,0.20122969606177737
1429,0.201222443613237
1430,0.2012151972509815
1431,0.2012079569680407
1432,0.2012007227574546
1433,0.2011934946122707
1434,0.2011862725255476
1435,0.2011790564903541
1436,0.20117184649977043
1437,0.20116464254688168
1438,0.20115744462478818
1439,0.20115025272659895
1440,0.20114306684542949
1441,0.20113588697440654
1442,0.20112871310667116
1443,0.20112154523536713
1444,0.20111438335365125
1445,0.20110722745469195
1446,0.20110007753166437
1447,0.2010929335777535
1448,0.2010857955861556
1449,0.20107866355007595
1450,0.20107153746272696
1451,0.20106441731733457
1452,0.20105730310713255
1453,0.20105019482536549
1454,0.20104309246528437
1455,0.20103599602015026
1456,0.201028905483238
1457,0.2010218208478281
1458,0.20101474210721076
1459,0.20100766925468677
1460,0.20100060228356473
1461,0.2009935411871656
1462,0.20098648595881585
1463,0.20097943659185552
1464,0.2009723930796299
1465,0.20096535541549632
1466,0.20095832359282131
1467,0.20095129760497896
1468,0.20094427744535479
1469,0.20093726310734303
1470,0.20093025458434355
1471,0.20092325186977297
1472,0.2009162549570496
1473,0.20090926383960603
1474,0.20090227851088097
1475,0.2008952989643237
1476,0.20088832519339223
1477,0.20088135719155586
1478,0.20087439495228945
1479,0.20086743846907845
1480,0.20086048773541848
1481,0.20085354274481285
1482,0.20084660349077332
1483,0.20083966996682268
1484,0.200832742166493
1485,0.20082582008332303
1486,0.20081890371086095
1487,0.20081199304266545
1488,0.20080508807230396
1489,0.200798188793351
1490,0.20079129519939184
1491,0.20078440728402056
1492,0.20077752504083823
1493,0.20077064846345824
1494,0.20076377754549993
1495,0.200756912280591
1496,0.2007500526623723
1497,0.20074319868448792
1498,0.20073635034059542
1499,0.20072950762435723
1500,0.2007226705294475
1501,0.2007158390495483
1502,0.2007090131783495
1503,0.20070219290955132
1504,0.20069537823686162
1505,0.20068856915399635
1506,0.2006817656546809
1507,0.20067496773264923
1508,0.20066817538164547
1509,0.2006613885954201
1510,0.2006546073677314
1511,0.2006478316923511
1512,0.20064106156305378
1513,0.20063429697362598
1514,0.20062753791786173
1515,0.20062078438956335
1516,0.20061403638254405
1517,0.20060729389062235
1518,0.20060055690762538
1519,0.2005938254273914
1520,0.20058709944376518
1521,0.20058037895060157
1522,0.20057366394176035
1523,0.20056695441111377
1524,0.2005602503525396
1525,0.20055355175992703
1526,0.20054685862716967
1527,0.20054017094817334
1528,0.20053348871684853
1529,0.2005268119271163
1530,0.20052014057290904
1531,0.2005134746481593
1532,0.20050681414681515
1533,0.20050015906283083
1534,0.20049350939016697
1535,0.20048686512279415
1536,0.20048022625469325
1537,0.20047359277984894
1538,0.20046696469225694
1539,0.2004603419859202
1540,0.20045372465485045
1541,0.2004471126930667
1542,0.20044050609459615
1543,0.2004339048534774
1544,0.2004273089637512
1545,0.20042071841947115
1546,0.2004141332146975
1547,0.20040755334349764
1548,0.20040097879994823
1549,0.20039440957813265
1550,0.20038784567214657
1551,0.20038128707608577
1552,0.20037473378406068
1553,0.20036818579018878
1554,0.20036164308859297
1555,0.20035510567340495
1556,0.20034857353876645
1557,0.20034204667882508
1558,0.20033552508773705
1559,0.2003290087596659
1560,0.20032249768878405
1561,0.2003159918692704
1562,0.2003094912953122
1563,0.2003029959611072
1564,0.20029650586085826
1565,0.20029002098877477
1566,0.20028354133907578
1567,0.2002770669059902
1568,0.20027059768374988
1569,0.2002641336665992
1570,0.20025767484878795
1571,0.20025122122457226
1572,0.20024477278821967
1573,0.20023832953400286
1574,0.2002318914562027
1575,0.2002254585491081
1576,0.2002190308070141
1577,0.20021260822422643
1578,0.200206190795055
1579,0.20019977851382195
1580,0.20019337137485219
1581,0.20018696937247954
1582,0.20018057250104898
1583,0.20017418075490742
1584,0.20016779412841282
1585,0.2001614126159314
1586,0.2001550362118345
1587,0.2001486649105029
1588,0.20014229870632264
1589,0.20013593759369103
1590,0.20012958156700864
1591,0.20012323062068732
1592,0.20011688474914252
1593,0.20011054394680033
1594,0.20010420820809308
1595,0.20009787752745853
1596,0.20009155189934869
1597,0.20008523131821568
1598,0.20007891577851938
1599,0.20007260527473306
1600,0.20006629980133092
1601,0.20005999935279792
1602,0.20005370392362573
1603,0.20004741350831418
1604,0.2000411281013687
1605,0.2000348476973037
1606,0.20002857229063728
1607,0.20002230187590037
1608,0.2000160364476287
1609,0.20000977600036168
1610,0.20000352052865264
1611,0.1999972700270574
1612,0.19999102449014047
1613,0.19998478391247348
1614,0.19997854828863607
1615,0.19997231761321269
1616,0.1999660918807982
1617,0.19995987108599164
1618,0.19995365522340036
1619,0.199947444287642
1620,0.19994123827333557
1621,0.1999350371751102
1622,0.19992884098760325
1623,0.1999226497054566
1624,0.19991646332332091
1625,0.19991028183585402
1626,0.19990410523772095
1627,0.19989793352359067
1628,0.19989176668814473
1629,0.1998856047260652
1630,0.19987944763204943
1631,0.19987329540079282
1632,0.19986714802700248
1633,0.19986100550539265
1634,0.19985486783068587
1635,0.19984873499760666
1636,0.19984260700089004
1637,0.19983648383527766
1638,0.1998303654955189
1639,0.19982425197636675
1640,0.19981814327258435
1641,0.19981203937894276
1642,0.19980594029021503
1643,0.19979984600118592
1644,0.19979375650664266
1645,0.19978767180138404
1646,0.1997815918802111
1647,0.19977551673793736
1648,0.19976944636937638
1649,0.199763380769354
1650,0.19975731993269874
1651,0.1997512638542494
1652,0.19974521252885138
1653,0.1997391659513533
1654,0.19973312411661337
1655,0.19972708701949526
1656,0.19972105465487142
1657,0.19971502701761853
1658,0.19970900410262293
1659,0.19970298590477314
1660,0.19969697241896886
1661,0.19969096364011507
1662,0.1996849595631212
1663,0.19967896018290593
1664,0.1996729654943933
1665,0.1996669754925162
1666,0.1996609901722106
1667,0.19965500952842075
1668,0.19964903355609834
1669,0.19964306225020306
1670,0.19963709560569412
1671,0.1996311336175462
1672,0.199625176280734
1673,0.19961922359024292
1674,0.19961327554106428
1675,0.19960733212819268
1676,0.1996013933466322
1677,0.19959545919139327
1678,0.19958952965749197
1679,0.19958360473994982
1680,0.19957768443379853
1681,0.19957176873407378
1682,0.19956585763581453
1683,0.19955995113407304
1684,0.1995540492239033
1685,0.19954815190036473
1686,0.19954225915852916
1687,0.19953637099346774
1688,0.19953048740026294
1689,0.19952460837400163
1690,0.19951873390977595
1691,0.19951286400268872
1692,0.19950699864784263
1693,0.1995011378403522
1694,0.1994952815753356
1695,0.19948942984791906
1696,0.19948358265323282
1697,0.1994777399864153
1698,0.19947190184261
1699,0.19946606821696766
1700,0.19946023910464528
1701,0.19945441450080628
1702,0.19944859440061874
1703,0.19944277879925834
1704,0.19943696769190597
1705,0.19943116107375045
1706,0.1994253589399859
1707,0.19941956128581223
1708,0.199413768106436
1709,0.1994079793970692
1710,0.19940219515293164
1711,0.1993964153692481
1712,0.1993906400412495
1713,0.19938486916417236
1714,0.1993791027332622
1715,0.19937334074376525
1716,0.1993675831909395
1717,0.19936183007004718
1718,0.19935608137635327
1719,0.19935033710513528
1720,0.199344597251671
1721,0.19933886181124677
1722,0.19933313077915427
1723,0.19932740415069333
1724,0.19932168192116603
1725,0.1993159640858845
1726,0.19931025064016444
1727,0.1993045415793275
1728,0.19929883689870234
1729,0.19929313659362272
1730,0.19928744065942963
1731,0.19928174909146917
1732,0.19927606188509314
1733,0.1992703790356607
1734,0.19926470053853346
1735,0.19925902638908438
1736,0.19925335658268767
1737,0.19924769111472476
1738,0.19924202998058513
1739,0.1992363731756622
1740,0.1992307206953544
1741,0.19922507253506727
1742,0.19921942869021206
1743,0.19921378915620735
1744,0.1992081539284745
1745,0.19920252300244237
1746,0.19919689637354732
1747,0.19919127403722992
1748,0.1991856559889336
1749,0.1991800422241129
1750,0.19917443273822522
1751,0.1991688275267352
1752,0.19916322658511076
1753,0.1991576299088282
1754,0.19915203749336766
1755,0.19914644933421718
1756,0.19914086542686946
1757,0.19913528576682102
1758,0.1991297103495769
1759,0.199124139170648
1760,0.1991185722255482
1761,0.199113009509798
1762,0.19910745101892696
1763,0.19910189674846632
1764,0.19909634669395274
1765,0.19909080085093223
1766,0.19908525921495374
1767,0.19907972178157143
1768,0.1990741885463477
1769,0.1990686595048479
1770,0.1990631346526439
1771,0.19905761398531494
1772,0.1990520974984433
1773,0.19904658518761703
1774,0.1990410770484341
1775,0.19903557307649017
1776,0.19903007326739305
1777,0.19902457761675296
1778,0.19901908612018823
1779,0.19901359877332045
1780,0.19900811557177694
1781,0.1990026365111922
1782,0.19899716158720346
1783,0.19899169079545787
1784,0.1989862241316021
1785,0.19898076159129502
1786,0.19897530317019413
1787,0.19896984886396774
1788,0.1989643986682879
1789,0.1989589525788311
1790,0.19895351059128094
1791,0.1989480727013246
1792,0.19894263890465635
1793,0.1989372091969765
1794,0.19893178357398766
1795,0.19892636203140004
1796,0.19892094456493017
1797,0.19891553117029773
1798,0.19891012184322943
1799,0.19890471657945694
1800,0.19889931537471606
1801,0.19889391822475014
1802,0.19888852512530691
1803,0.19888313607213806
1804,0.1988777510610029
1805,0.19887237008766645
1806,0.1988669931478957
1807,0.19886162023746456
1808,0.19885625135215404
1809,0.19885088648774885
1810,0.19884552564003816
1811,0.19884016880481736
1812,0.19883481597788938
1813,0.19882946715505895
1814,0.19882412233213717
1815,0.19881878150494048
1816,0.19881344466928977
1817,0.19880811182101402
1818,0.19880278295594456
1819,0.198797458069919
1820,0.1987921371587807
1821,0.19878682021837527
1822,0.19878150724455854
1823,0.19877619823318768
1824,0.19877089318012514
1825,0.19876559208124128
1826,0.19876029493240965
1827,0.19875500172950902
1828,0.19874971246842194
1829,0.1987444271450394
1830,0.19873914575525647
1831,0.19873386829497092
1832,0.19872859476008753
1833,0.198723325146517
1834,0.19871805945017532
1835,0.19871279766697952
1836,0.1987075397928578
1837,0.19870228582373786
1838,0.198697035755556
1839,0.1986917895842526
1840,0.19868654730577281
1841,0.19868130891606672
1842,0.19867607441109034
1843,0.19867084378680305
1844,0.1986656170391731
1845,0.19866039416416864
1846,0.1986551751577668
1847,0.19864996001594676
1848,0.19864474873469448
1849,0.19863954131000044
1850,0.1986343377378619
1851,0.19862913801427665
1852,0.19862394213525256
1853,0.19861875009679894
1854,0.19861356189493115
1855,0.19860837752567034
1856,0.19860319698504103
1857,0.198598020269075
1858,0.19859284737380495
1859,0.1985876782952738
1860,0.1985825130295241
1861,0.19857735157260809
1862,0.1985721939205797
1863,0.1985670400694974
1864,0.19856189001542754
1865,0.1985567437544404
1866,0.1985516012826077
1867,0.19854646259600936
1868,0.1985413276907316
1869,0.19853619656286117
1870,0.1985310692084926
1871,0.19852594562372392
1872,0.1985208258046598
1873,0.19851570974740787
1874,0.19851059744808175
1875,0.1985054889027986
1876,0.19850038410768148
1877,0.1984952830588581
1878,0.19849018575246008
1879,0.19848509218462443
1880,0.19848000235149346
1881,0.19847491624921362
1882,0.19846983387393635
1883,0.19846475522181856
1884,0.19845968028902056
1885,0.1984546090717079
1886,0.19844954156604935
1887,0.19844447776822202
1888,0.19843941767440473
1889,0.19843436128078334
1890,0.19842930858354452
1891,0.19842425957888438
1892,0.19841921426299977
1893,0.19841417263209557
1894,0.19840913468237847
1895,0.1984041004100614
1896,0.19839906981136182
1897,0.1983940428825025
1898,0.19838901961970712
1899,0.19838400001921055
1900,0.19837898407724616
1901,0.19837397179005475
1902,0.19836896315388242
1903,0.1983639581649777
1904,0.1983589568195955
1905,0.19835395911399428
1906,0.1983489650444391
1907,0.19834397460719566
1908,0.19833898779853895
1909,0.1983340046147438
1910,0.19832902505209504
1911,0.198324049106876
1912,0.19831907677537872
1913,0.1983141080538999
1914,0.19830914293873775
1915,0.19830418142619785
1916,0.19829922351258958
1917,0.1982942691942256
1918,0.19828931846742556
1919,0.1982843713285103
1920,0.1982794277738069
1921,0.19827448779964818
1922,0.19826955140237124
1923,0.19826461857831337
1924,0.19825968932382285
1925,0.19825476363524838
1926,0.1982498415089433
1927,0.19824492294126572
1928,0.19824000792857968
1929,0.1982350964672533
1930,0.19823018855365526
1931,0.19822528418416566
1932,0.19822038335516107
1933,0.198215486063031
1934,0.19821059230416258
1935,0.19820570207495017
1936,0.19820081537179063
1937,0.1981959321910889
1938,0.19819105252925118
1939,0.19818617638268837
1940,0.19818130374781603
1941,0.19817643462105564
1942,0.1981715689988328
1943,0.1981667068775742
1944,0.19816184825371347
1945,0.19815699312369014
1946,0.19815214148394206
1947,0.19814729333091965
1948,0.19814244866107228
1949,0.19813760747085515
1950,0.19813276975672736
1951,0.1981279355151524
1952,0.19812310474259684
1953,0.19811827743553473
1954,0.19811345359044155
1955,0.19810863320379776
1956,0.19810381627208998
1957,0.19809900279180734
1958,0.19809419275944026
1959,0.1980893861714909
1960,0.19808458302445792
1961,0.1980797833148508
1962,0.1980749870391765
1963,0.198070194193953
1964,0.1980654047756967
1965,0.19806061878093226
1966,0.19805583620618777
1967,0.19805105704799353
1968,0.1980462813028862
1969,0.19804150896740552
1970,0.19803674003809635
1971,0.19803197451150625
1972,0.19802721238418824
1973,0.19802245365269872
1974,0.1980176983136
1975,0.19801294636345518
1976,0.19800819779883658
1977,0.19800345261631344
1978,0.19799871081246703
1979,0.1979939723838767
1980,0.1979892373271315
1981,0.1979845056388175
1982,0.19797977731553185
1983,0.1979750523538693
1984,0.1979703307504354
1985,0.19796561250183617
1986,0.1979608976046813
1987,0.1979561860555865
1988,0.1979514778511685
1989,0.19794677298805283
1990,0.19794207146286297
1991,0.1979373732722326
1992,0.19793267841279588
1993,0.19792798688119176
1994,0.1979232986740643
1995,0.19791861378805897
1996,0.1979139322198275
1997,0.19790925396602727
1998,0.1979045790233143
1999,0.19789990738835445
2000,0.19789523905781295
